Substitution rate (mu): 1.0

Equilibrium frequencies (pi_i):
  A: 0.0308
  C: 0.0278
  D: 0.0316
  E: 0.0656
  F: 0.0375
  G: 0.0652
  H: 0.0196
  I: 0.098
  K: 0.0774
  L: 0.0731
  M: 0.0088
  N: 0.0738
  P: 0.0448
  Q: 0.0281
  R: 0.0508
  S: 0.0669
  T: 0.0689
  V: 0.0504
  W: 0.0193
  Y: 0.0506
  *: 0.0003
  -: 0.0106

Symmetrized rates from j->i (W_ij):
	A	C	D	E	F	G	H	I	K	L	M	N	P	Q	R	S	T	V	W	Y	*	-
  A	0	0.6317	2.7878	2.0031	0.5007	0.6379	0.742	0.2311	0.2334	0.2401	2.1883	0.2914	1.0018	0.6367	0.3799	2.9334	8.507	6.7212	0.9231	0.3674	61.8338	1.1105
  C	0.6317	0	0.6937	0.454	0.7785	0.4409	1.0575	0.3398	0.3573	0.3638	3.4327	0.3708	0.5777	0.9712	0.5971	0.3805	0.3553	0.4591	1.404	0.6255	84.8662	0.9188
  D	2.7878	0.6937	0	4.2206	0.5547	2.768	0.9573	0.2358	0.2829	0.2636	2.4338	10.2661	0.3886	0.7009	0.4223	0.3335	0.2612	0.545	1.0153	1.0565	67.7899	0.9222
  E	2.0031	0.454	4.2206	0	0.3732	3.539	0.4895	0.1655	3.3106	0.1721	1.6734	0.2112	0.2454	0.7394	0.3736	0.1612	0.1665	0.5138	0.6686	0.2717	62.8662	1.0346
  F	0.5007	0.7785	0.5547	0.3732	0	0.3251	0.8427	0.7354	0.2914	0.8571	2.8439	0.3021	0.4222	0.7921	0.492	0.8882	0.2865	0.8843	1.1449	1.0247	81.2112	1.1243
  G	0.6379	0.4409	2.768	3.539	0.3251	0	0.4452	0.1412	0.1641	0.152	1.4476	0.1858	0.2201	0.4066	2.0415	1.0724	0.1487	0.2887	0.5889	0.2374	53.6568	0.9508
  H	0.742	1.0575	0.9573	0.4895	0.8427	0.4452	0	0.3566	0.3922	0.6844	3.6636	1.9982	1.0133	6.0833	2.1151	0.394	0.4002	0.5229	1.5446	5.0688	81.5076	1.0947
  I	0.2311	0.3398	0.2358	0.1655	0.7354	0.1412	0.3566	0	0.2296	1.4279	11.2775	0.2641	0.1808	0.347	0.5692	0.7232	2.4279	7.5737	0.5018	0.2259	58.2844	0.712
  K	0.2334	0.3573	0.2829	3.3106	0.2914	0.1641	0.3922	0.2296	0	0.1354	2.9964	2.5152	0.2144	1.9601	9.0786	0.1667	1.1081	0.1703	0.5256	0.2125	51.6991	0.8264
  L	0.2401	0.3638	0.2636	0.1721	0.8571	0.152	0.6844	1.4279	0.1354	0	3.9543	0.1406	0.9171	0.5168	0.2491	0.6036	0.1347	0.8364	0.6951	0.2588	50.9968	0.9565
  M	2.1883	3.4327	2.4338	1.6734	2.8439	1.4476	3.6636	11.2775	2.9964	3.9543	0	1.3495	1.8646	3.8464	3.9643	1.229	2.2893	7.0005	5.0094	2.0789	122.7343	2.6826
  N	0.2914	0.3708	10.2661	0.2112	0.3021	0.1858	1.9982	0.2641	2.5152	0.1406	1.3495	0	0.2025	0.4142	0.2549	2.9444	0.7399	0.1769	0.5453	0.3525	52.5942	0.7189
  P	1.0018	0.5777	0.3886	0.2454	0.4222	0.2201	1.0133	0.1808	0.2144	0.9171	1.8646	0.2025	0	0.9565	0.451	5.2368	0.7076	0.2556	0.7699	0.3088	59.7951	0.8352
  Q	0.6367	0.9712	0.7009	0.7394	0.7921	0.4066	6.0833	0.347	1.9601	0.5168	3.8464	0.4142	0.9565	0	2.1285	0.4198	0.3598	0.4643	1.4255	0.5782	86.258	1.0619
  R	0.3799	0.5971	0.4223	0.3736	0.492	2.0415	2.1151	0.5692	9.0786	0.2491	3.9643	0.2549	0.451	2.1285	0	0.9945	0.3719	0.2809	0.9672	0.3581	73.4353	0.9171
  S	2.9334	0.3805	0.3335	0.1612	0.8882	1.0724	0.394	0.7232	0.1667	0.6036	1.229	2.9444	5.2368	0.4198	0.9945	0	0.9844	0.1855	0.5579	0.6701	45.5379	1.1895
  T	8.507	0.3553	0.2612	0.1665	0.2865	0.1487	0.4002	2.4279	1.1081	0.1347	2.2893	0.7399	0.7076	0.3598	0.3719	0.9844	0	0.2752	0.5214	0.2094	47.7877	0.8805
  V	6.7212	0.4591	0.545	0.5138	0.8843	0.2887	0.5229	7.5737	0.1703	0.8364	7.0005	0.1769	0.2556	0.4643	0.2809	0.1855	0.2752	0	0.6729	0.2966	54.7197	0.8026
  W	0.9231	1.404	1.0153	0.6686	1.1449	0.5889	1.5446	0.5018	0.5256	0.6951	5.0094	0.5453	0.7699	1.4255	0.9672	0.5579	0.5214	0.6729	0	0.8365	97.9706	1.617
  Y	0.3674	0.6255	1.0565	0.2717	1.0247	0.2374	5.0688	0.2259	0.2125	0.2588	2.0789	0.3525	0.3088	0.5782	0.3581	0.6701	0.2094	0.2966	0.8365	0	69.3399	1.025
  *	61.8338	84.8662	67.7899	62.8662	81.2112	53.6568	81.5076	58.2844	51.6991	50.9968	122.7343	52.5942	59.7951	86.258	73.4353	45.5379	47.7877	54.7197	97.9706	69.3399	0	88.6847
  -	1.1105	0.9188	0.9222	1.0346	1.1243	0.9508	1.0947	0.712	0.8264	0.9565	2.6826	0.7189	0.8352	1.0619	0.9171	1.1895	0.8805	0.8026	1.617	1.025	88.6847	0

Actual rates from j->i (Q_ij):
	A	C	D	E	F	G	H	I	K	L	M	N	P	Q	R	S	T	V	W	Y	*	-
  A	0	0.0195	0.086	0.0618	0.0154	0.0197	0.0229	0.0071	0.0072	0.0074	0.0675	0.009	0.0309	0.0196	0.0117	0.0905	0.2624	0.2073	0.0285	0.0113	1.9069	0.0342
  C	0.0176	0	0.0193	0.0126	0.0217	0.0123	0.0294	0.0095	0.0099	0.0101	0.0955	0.0103	0.0161	0.027	0.0166	0.0106	0.0099	0.0128	0.0391	0.0174	2.3612	0.0256
  D	0.0881	0.0219	0	0.1334	0.0175	0.0875	0.0303	0.0075	0.0089	0.0083	0.0769	0.3246	0.0123	0.0222	0.0134	0.0105	0.0083	0.0172	0.0321	0.0334	2.1431	0.0292
  E	0.1315	0.0298	0.277	0	0.0245	0.2323	0.0321	0.0109	0.2173	0.0113	0.1098	0.0139	0.0161	0.0485	0.0245	0.0106	0.0109	0.0337	0.0439	0.0178	4.1263	0.0679
  F	0.0188	0.0292	0.0208	0.014	0	0.0122	0.0316	0.0276	0.0109	0.0322	0.1068	0.0113	0.0159	0.0297	0.0185	0.0333	0.0108	0.0332	0.043	0.0385	3.0489	0.0422
  G	0.0416	0.0288	0.1806	0.2309	0.0212	0	0.029	0.0092	0.0107	0.0099	0.0944	0.0121	0.0144	0.0265	0.1332	0.07	0.0097	0.0188	0.0384	0.0155	3.5	0.062
  H	0.0146	0.0208	0.0188	0.0096	0.0166	0.0087	0	0.007	0.0077	0.0134	0.0719	0.0392	0.0199	0.1195	0.0415	0.0077	0.0079	0.0103	0.0303	0.0995	1.6007	0.0215
  I	0.0226	0.0333	0.0231	0.0162	0.072	0.0138	0.0349	0	0.0225	0.1399	1.1048	0.0259	0.0177	0.034	0.0558	0.0709	0.2378	0.742	0.0492	0.0221	5.7098	0.0697
  K	0.0181	0.0276	0.0219	0.2561	0.0225	0.0127	0.0303	0.0178	0	0.0105	0.2318	0.1946	0.0166	0.1516	0.7023	0.0129	0.0857	0.0132	0.0407	0.0164	3.9992	0.0639
  L	0.0176	0.0266	0.0193	0.0126	0.0627	0.0111	0.0501	0.1044	0.0099	0	0.2892	0.0103	0.0671	0.0378	0.0182	0.0441	0.0099	0.0612	0.0508	0.0189	3.7295	0.07
  M	0.0193	0.0303	0.0215	0.0148	0.0251	0.0128	0.0323	0.0994	0.0264	0.0349	0	0.0119	0.0164	0.0339	0.0349	0.0108	0.0202	0.0617	0.0442	0.0183	1.082	0.0236
  N	0.0215	0.0274	0.7581	0.0156	0.0223	0.0137	0.1475	0.0195	0.1857	0.0104	0.0997	0	0.015	0.0306	0.0188	0.2174	0.0546	0.0131	0.0403	0.026	3.8836	0.0531
  P	0.0449	0.0259	0.0174	0.011	0.0189	0.0099	0.0454	0.0081	0.0096	0.0411	0.0835	0.0091	0	0.0429	0.0202	0.2346	0.0317	0.0115	0.0345	0.0138	2.6791	0.0374
  Q	0.0179	0.0273	0.0197	0.0208	0.0223	0.0114	0.1711	0.0098	0.0551	0.0145	0.1082	0.0116	0.0269	0	0.0599	0.0118	0.0101	0.0131	0.0401	0.0163	2.4256	0.0299
  R	0.0193	0.0303	0.0215	0.019	0.025	0.1037	0.1074	0.0289	0.4612	0.0127	0.2014	0.0129	0.0229	0.1081	0	0.0505	0.0189	0.0143	0.0491	0.0182	3.7303	0.0466
  S	0.1963	0.0255	0.0223	0.0108	0.0594	0.0718	0.0264	0.0484	0.0112	0.0404	0.0822	0.197	0.3504	0.0281	0.0665	0	0.0659	0.0124	0.0373	0.0448	3.047	0.0796
  T	0.5862	0.0245	0.018	0.0115	0.0197	0.0102	0.0276	0.1673	0.0764	0.0093	0.1577	0.051	0.0488	0.0248	0.0256	0.0678	0	0.019	0.0359	0.0144	3.2929	0.0607
  V	0.3386	0.0231	0.0275	0.0259	0.0445	0.0145	0.0263	0.3815	0.0086	0.0421	0.3526	0.0089	0.0129	0.0234	0.0142	0.0093	0.0139	0	0.0339	0.0149	2.7564	0.0404
  W	0.0178	0.027	0.0196	0.0129	0.0221	0.0113	0.0298	0.0097	0.0101	0.0134	0.0965	0.0105	0.0148	0.0275	0.0186	0.0107	0.01	0.013	0	0.0161	1.8872	0.0311
  Y	0.0186	0.0316	0.0534	0.0137	0.0518	0.012	0.2563	0.0114	0.0107	0.0131	0.1051	0.0178	0.0156	0.0292	0.0181	0.0339	0.0106	0.015	0.0423	0	3.5059	0.0518
  *	0.0156	0.0214	0.0171	0.0159	0.0205	0.0136	0.0206	0.0147	0.0131	0.0129	0.031	0.0133	0.0151	0.0218	0.0186	0.0115	0.0121	0.0138	0.0248	0.0175	0	0.0224
  -	0.0117	0.0097	0.0098	0.0109	0.0119	0.0101	0.0116	0.0075	0.0087	0.0101	0.0284	0.0076	0.0088	0.0112	0.0097	0.0126	0.0093	0.0085	0.0171	0.0108	0.9379	0

