Substitution rate (mu): 1.0

Equilibrium frequencies (pi_i):
  A: 0.0302
  C: 0.0279
  D: 0.0311
  E: 0.0658
  F: 0.0374
  G: 0.0645
  H: 0.0201
  I: 0.0981
  K: 0.0754
  L: 0.0746
  M: 0.009
  N: 0.0728
  P: 0.0445
  Q: 0.0288
  R: 0.0517
  S: 0.0673
  T: 0.0693
  V: 0.0507
  W: 0.0193
  Y: 0.0506
  *: 0.0003
  -: 0.0106

Symmetrized rates from j->i (W_ij):
	A	C	D	E	F	G	H	I	K	L	M	N	P	Q	R	S	T	V	W	Y	*	-
  A	0	0.6377	2.798	2.0174	0.5063	0.6492	0.741	0.2327	0.2396	0.2396	2.1792	0.2971	0.9813	0.6331	0.3785	2.98	8.5735	6.8011	0.9313	0.3708	62.2652	1.1169
  C	0.6377	0	0.7001	0.4544	0.7817	0.4444	1.0495	0.3403	0.3629	0.3611	3.4065	0.3745	0.5811	0.9619	0.5926	0.3803	0.3553	0.4587	1.4064	0.627	85.472	0.921
  D	2.798	0.7001	0	4.1859	0.5608	2.8442	0.9566	0.2374	0.29	0.2632	2.4253	10.5655	0.3945	0.6975	0.4211	0.3619	0.2632	0.5489	1.0241	1.0661	68.2691	0.9276
  E	2.0174	0.4544	4.1859	0	0.3743	3.5807	0.4859	0.1656	3.3365	0.1708	1.6607	0.1952	0.2464	0.7325	0.3708	0.161	0.1664	0.513	0.6691	0.2721	63.3108	1.0364
  F	0.5063	0.7817	0.5608	0.3743	0	0.3283	0.8393	0.7378	0.2962	0.8535	2.8295	0.3055	0.4255	0.7869	0.4895	0.8902	0.2872	0.886	1.1493	0.9824	81.7904	1.1282
  G	0.6492	0.4444	2.8442	3.5807	0.3283	0	0.445	0.1421	0.1677	0.1518	1.4432	0.1888	0.223	0.4049	2.0362	1.0649	0.1497	0.2904	0.5934	0.2393	54.0363	0.9561
  H	0.741	1.0495	0.9566	0.4859	0.8393	0.445	0	0.3547	0.3957	0.6717	3.6017	1.9616	1.0089	5.7463	2.1417	0.3892	0.3958	0.5163	1.5328	5.2831	82.0891	1.0922
  I	0.2327	0.3403	0.2374	0.1656	0.7378	0.1421	0.3547	0	0.2324	1.3948	11.2113	0.2662	0.1817	0.3446	0.566	0.7114	2.4284	7.6022	0.5026	0.2264	58.6957	0.7134
  K	0.2396	0.3629	0.29	3.3365	0.2962	0.1677	0.3957	0.2324	0	0.1363	2.8765	2.5876	0.2189	2.04	8.9818	0.1692	1.0978	0.1728	0.5335	0.2157	52.0549	0.8342
  L	0.2396	0.3611	0.2632	0.1708	0.8535	0.1518	0.6717	1.3948	0.1363	0	3.8936	0.1407	0.8932	0.5073	0.2453	0.5841	0.1334	0.8271	0.69	0.2572	51.3595	0.9541
  M	2.1792	3.4065	2.4253	1.6607	2.8295	1.4432	3.6017	11.2113	2.8765	3.8936	0	1.3482	1.8541	3.7817	3.907	1.2158	2.2663	6.9226	4.9719	2.065	123.6301	2.6744
  N	0.2971	0.3745	10.5655	0.1952	0.3055	0.1888	1.9616	0.2662	2.5876	0.1407	1.3482	0	0.2055	0.4135	0.2548	2.9164	0.7463	0.1784	0.5505	0.356	52.9681	0.7236
  P	0.9813	0.5811	0.3945	0.2464	0.4255	0.223	1.0089	0.1817	0.2189	0.8932	1.8541	0.2055	0	0.9495	0.4485	5.2953	0.7105	0.2565	0.7741	0.3107	60.221	0.8388
  Q	0.6331	0.9619	0.6975	0.7325	0.7869	0.4049	5.7463	0.3446	2.04	0.5073	3.7817	0.4135	0.9495	0	2.0918	0.4142	0.3553	0.458	1.4118	0.5734	86.8782	1.0576
  R	0.3785	0.5926	0.4211	0.3708	0.4895	2.0362	2.1417	0.566	8.9818	0.2453	3.907	0.2548	0.4485	2.0918	0	0.963	0.3683	0.2778	0.9599	0.3558	73.967	0.9143
  S	2.98	0.3803	0.3619	0.161	0.8902	1.0649	0.3892	0.7114	0.1692	0.5841	1.2158	2.9164	5.2953	0.4142	0.963	0	0.9559	0.1848	0.5576	0.65	45.8621	1.1909
  T	8.5735	0.3553	0.2632	0.1664	0.2872	0.1497	0.3958	2.4284	1.0978	0.1334	2.2663	0.7463	0.7105	0.3553	0.3683	0.9559	0	0.2915	0.5213	0.2095	48.1269	0.8817
  V	6.8011	0.4587	0.5489	0.513	0.886	0.2904	0.5163	7.6022	0.1728	0.8271	6.9226	0.1784	0.2565	0.458	0.2778	0.1848	0.2915	0	0.6723	0.2966	55.1067	0.8034
  W	0.9313	1.4064	1.0241	0.6691	1.1493	0.5934	1.5328	0.5026	0.5335	0.69	4.9719	0.5505	0.7741	1.4118	0.9599	0.5576	0.5213	0.6723	0	0.8383	98.6723	1.6205
  Y	0.3708	0.627	1.0661	0.2721	0.9824	0.2393	5.2831	0.2264	0.2157	0.2572	2.065	0.356	0.3107	0.5734	0.3558	0.65	0.2095	0.2966	0.8383	0	69.8343	1.0276
  *	62.2652	85.472	68.2691	63.3108	81.7904	54.0363	82.0891	58.6957	52.0549	51.3595	123.6301	52.9681	60.221	86.8782	73.967	45.8621	48.1269	55.1067	98.6723	69.8343	0	89.3194
  -	1.1169	0.921	0.9276	1.0364	1.1282	0.9561	1.0922	0.7134	0.8342	0.9541	2.6744	0.7236	0.8388	1.0576	0.9143	1.1909	0.8817	0.8034	1.6205	1.0276	89.3194	0

Actual rates from j->i (Q_ij):
	A	C	D	E	F	G	H	I	K	L	M	N	P	Q	R	S	T	V	W	Y	*	-
  A	0	0.0193	0.0846	0.061	0.0153	0.0196	0.0224	0.007	0.0072	0.0072	0.0659	0.009	0.0297	0.0191	0.0114	0.0901	0.2592	0.2056	0.0282	0.0112	1.8824	0.0338
  C	0.0178	0	0.0195	0.0127	0.0218	0.0124	0.0292	0.0095	0.0101	0.0101	0.0949	0.0104	0.0162	0.0268	0.0165	0.0106	0.0099	0.0128	0.0392	0.0175	2.3809	0.0257
  D	0.087	0.0218	0	0.1301	0.0174	0.0884	0.0297	0.0074	0.009	0.0082	0.0754	0.3285	0.0123	0.0217	0.0131	0.0113	0.0082	0.0171	0.0318	0.0331	2.1224	0.0288
  E	0.1328	0.0299	0.2755	0	0.0246	0.2357	0.032	0.0109	0.2196	0.0112	0.1093	0.0128	0.0162	0.0482	0.0244	0.0106	0.011	0.0338	0.044	0.0179	4.1671	0.0682
  F	0.019	0.0293	0.021	0.014	0	0.0123	0.0314	0.0276	0.0111	0.032	0.1059	0.0114	0.0159	0.0295	0.0183	0.0333	0.0108	0.0332	0.043	0.0368	3.0622	0.0422
  G	0.0419	0.0287	0.1834	0.2309	0.0212	0	0.0287	0.0092	0.0108	0.0098	0.0931	0.0122	0.0144	0.0261	0.1313	0.0687	0.0097	0.0187	0.0383	0.0154	3.4846	0.0617
  H	0.0149	0.0211	0.0193	0.0098	0.0169	0.009	0	0.0071	0.008	0.0135	0.0726	0.0395	0.0203	0.1158	0.0432	0.0078	0.008	0.0104	0.0309	0.1065	1.6541	0.022
  I	0.0228	0.0334	0.0233	0.0162	0.0724	0.0139	0.0348	0	0.0228	0.1369	1.1001	0.0261	0.0178	0.0338	0.0555	0.0698	0.2383	0.7459	0.0493	0.0222	5.7593	0.07
  K	0.0181	0.0274	0.0219	0.2516	0.0223	0.0126	0.0298	0.0175	0	0.0103	0.2169	0.1951	0.0165	0.1538	0.6773	0.0128	0.0828	0.013	0.0402	0.0163	3.9256	0.0629
  L	0.0179	0.0269	0.0196	0.0127	0.0636	0.0113	0.0501	0.104	0.0102	0	0.2904	0.0105	0.0666	0.0378	0.0183	0.0436	0.0099	0.0617	0.0515	0.0192	3.8301	0.0712
  M	0.0196	0.0306	0.0218	0.0149	0.0254	0.013	0.0324	0.1007	0.0258	0.035	0	0.0121	0.0167	0.034	0.0351	0.0109	0.0204	0.0622	0.0447	0.0185	1.1104	0.024
  N	0.0216	0.0273	0.769	0.0142	0.0222	0.0137	0.1428	0.0194	0.1883	0.0102	0.0981	0	0.015	0.0301	0.0185	0.2123	0.0543	0.013	0.0401	0.0259	3.8551	0.0527
  P	0.0436	0.0258	0.0175	0.011	0.0189	0.0099	0.0449	0.0081	0.0097	0.0397	0.0824	0.0091	0	0.0422	0.0199	0.2355	0.0316	0.0114	0.0344	0.0138	2.6777	0.0373
  Q	0.0182	0.0277	0.0201	0.0211	0.0227	0.0117	0.1655	0.0099	0.0588	0.0146	0.1089	0.0119	0.0273	0	0.0602	0.0119	0.0102	0.0132	0.0407	0.0165	2.5022	0.0305
  R	0.0196	0.0307	0.0218	0.0192	0.0253	0.1053	0.1108	0.0293	0.4646	0.0127	0.2021	0.0132	0.0232	0.1082	0	0.0498	0.019	0.0144	0.0497	0.0184	3.826	0.0473
  S	0.2007	0.0256	0.0244	0.0108	0.06	0.0717	0.0262	0.0479	0.0114	0.0393	0.0819	0.1964	0.3566	0.0279	0.0649	0	0.0644	0.0124	0.0376	0.0438	3.0887	0.0802
  T	0.5939	0.0246	0.0182	0.0115	0.0199	0.0104	0.0274	0.1682	0.076	0.0092	0.157	0.0517	0.0492	0.0246	0.0255	0.0662	0	0.0202	0.0361	0.0145	3.3338	0.0611
  V	0.3452	0.0233	0.0279	0.026	0.045	0.0147	0.0262	0.3858	0.0088	0.042	0.3513	0.0091	0.013	0.0232	0.0141	0.0094	0.0148	0	0.0341	0.0151	2.7967	0.0408
  W	0.018	0.0271	0.0198	0.0129	0.0222	0.0114	0.0296	0.0097	0.0103	0.0133	0.0959	0.0106	0.0149	0.0272	0.0185	0.0108	0.0101	0.013	0	0.0162	1.9038	0.0313
  Y	0.0188	0.0317	0.0539	0.0138	0.0497	0.0121	0.2672	0.0114	0.0109	0.013	0.1044	0.018	0.0157	0.029	0.018	0.0329	0.0106	0.015	0.0424	0	3.5318	0.052
  *	0.0157	0.0215	0.0172	0.0159	0.0206	0.0136	0.0207	0.0148	0.0131	0.0129	0.0311	0.0133	0.0152	0.0219	0.0186	0.0115	0.0121	0.0139	0.0248	0.0176	0	0.0225
  -	0.0118	0.0097	0.0098	0.011	0.0119	0.0101	0.0116	0.0075	0.0088	0.0101	0.0283	0.0077	0.0089	0.0112	0.0097	0.0126	0.0093	0.0085	0.0171	0.0109	0.9447	0

