Substitution rate (mu): 1.0

Equilibrium frequencies (pi_i):
  A: 0.0303
  C: 0.0279
  D: 0.0312
  E: 0.0659
  F: 0.0374
  G: 0.0645
  H: 0.0201
  I: 0.0979
  K: 0.0754
  L: 0.0746
  M: 0.009
  N: 0.0726
  P: 0.0445
  Q: 0.0288
  R: 0.0517
  S: 0.0673
  T: 0.0693
  V: 0.0509
  W: 0.0193
  Y: 0.0506
  *: 0.0003
  -: 0.0106

Symmetrized rates from j->i (W_ij):
	A	C	D	E	F	G	H	I	K	L	M	N	P	Q	R	S	T	V	W	Y	*	-
  A	0	0.6372	2.7903	2.0155	0.506	0.6485	0.7405	0.2329	0.2395	0.2394	2.1782	0.2973	0.9807	0.6327	0.3783	2.9785	8.5689	6.7842	0.9307	0.3705	62.388	1.1164
  C	0.6372	0	0.6988	0.4541	0.7814	0.4441	1.0491	0.3407	0.3627	0.361	3.4056	0.3748	0.5809	0.9615	0.5924	0.3802	0.3552	0.4579	1.4057	0.6267	85.6405	0.9206
  D	2.7903	0.6988	0	4.1773	0.5598	2.8377	0.9545	0.2374	0.2895	0.2627	2.4218	10.5603	0.3936	0.6963	0.4204	0.3612	0.2627	0.5468	1.0222	1.0642	68.4039	0.9266
  E	2.0155	0.4541	4.1773	0	0.374	3.5773	0.4855	0.1657	3.3346	0.1707	1.6598	0.1952	0.2463	0.732	0.3706	0.1609	0.1663	0.512	0.6686	0.2719	63.4362	1.0358
  F	0.506	0.7814	0.5598	0.374	0	0.3281	0.839	0.7385	0.2961	0.8532	2.8287	0.3057	0.4253	0.7866	0.4894	0.89	0.2871	0.8846	1.1488	0.9819	81.9514	1.1277
  G	0.6485	0.4441	2.8377	3.5773	0.3281	0	0.4447	0.1422	0.1676	0.1517	1.4425	0.1889	0.2228	0.4046	2.0351	1.0643	0.1496	0.2898	0.593	0.2391	54.1421	0.9556
  H	0.7405	1.0491	0.9545	0.4855	0.839	0.4447	0	0.3551	0.3956	0.6715	3.6011	1.9637	1.0087	5.7445	2.1412	0.3892	0.3957	0.5153	1.5323	5.281	82.2512	1.0918
  I	0.2329	0.3407	0.2374	0.1657	0.7385	0.1422	0.3551	0	0.2326	1.3962	11.2211	0.2667	0.1819	0.3449	0.5665	0.7122	2.4312	7.6032	0.503	0.2266	58.8103	0.7137
  K	0.2395	0.3627	0.2895	3.3346	0.2961	0.1676	0.3956	0.2326	0	0.1363	2.8759	2.5899	0.2189	2.0395	8.98	0.1692	1.0976	0.1725	0.5333	0.2156	52.1565	0.8339
  L	0.2394	0.361	0.2627	0.1707	0.8532	0.1517	0.6715	1.3962	0.1363	0	3.8927	0.1408	0.8929	0.5071	0.2452	0.584	0.1334	0.8257	0.6898	0.2571	51.46	0.9537
  M	2.1782	3.4056	2.4218	1.6598	2.8287	1.4425	3.6011	11.2211	2.8759	3.8927	0	1.3491	1.8537	3.7808	3.9061	1.2156	2.2659	6.9133	4.9707	2.0644	123.8742	2.6736
  N	0.2973	0.3748	10.5603	0.1952	0.3057	0.1889	1.9637	0.2667	2.5899	0.1408	1.3491	0	0.2057	0.4138	0.2549	2.9195	0.7471	0.1783	0.5509	0.3562	53.0723	0.7238
  P	0.9807	0.5809	0.3936	0.2463	0.4253	0.2228	1.0087	0.1819	0.2189	0.8929	1.8537	0.2057	0	0.9492	0.4484	5.2944	0.7104	0.256	0.7738	0.3106	60.3395	0.8385
  Q	0.6327	0.9615	0.6963	0.732	0.7866	0.4046	5.7445	0.3449	2.0395	0.5071	3.7808	0.4138	0.9492	0	2.0912	0.4141	0.3552	0.4572	1.4113	0.5732	87.0495	1.0572
  R	0.3783	0.5924	0.4204	0.3706	0.4894	2.0351	2.1412	0.5665	8.98	0.2452	3.9061	0.2549	0.4484	2.0912	0	0.9628	0.3682	0.2774	0.9596	0.3557	74.1128	0.914
  S	2.9785	0.3802	0.3612	0.1609	0.89	1.0643	0.3892	0.7122	0.1692	0.584	1.2156	2.9195	5.2944	0.4141	0.9628	0	0.9558	0.1844	0.5574	0.6498	45.9514	1.1905
  T	8.5689	0.3552	0.2627	0.1663	0.2871	0.1496	0.3957	2.4312	1.0976	0.1334	2.2659	0.7471	0.7104	0.3552	0.3682	0.9558	0	0.291	0.5212	0.2094	48.2215	0.8814
  V	6.7842	0.4579	0.5468	0.512	0.8846	0.2898	0.5153	7.6032	0.1725	0.8257	6.9133	0.1783	0.256	0.4572	0.2774	0.1844	0.291	0	0.6711	0.2961	55.2156	0.8025
  W	0.9307	1.4057	1.0222	0.6686	1.1488	0.593	1.5323	0.503	0.5333	0.6898	4.9707	0.5509	0.7738	1.4113	0.9596	0.5574	0.5212	0.6711	0	0.8379	98.8671	1.6199
  Y	0.3705	0.6267	1.0642	0.2719	0.9819	0.2391	5.281	0.2266	0.2156	0.2571	2.0644	0.3562	0.3106	0.5732	0.3557	0.6498	0.2094	0.2961	0.8379	0	69.9716	1.0272
  *	62.388	85.6405	68.4039	63.4362	81.9514	54.1421	82.2512	58.8103	52.1565	51.46	123.8742	53.0723	60.3395	87.0495	74.1128	45.9514	48.2215	55.2156	98.8671	69.9716	0	89.4949
  -	1.1164	0.9206	0.9266	1.0358	1.1277	0.9556	1.0918	0.7137	0.8339	0.9537	2.6736	0.7238	0.8385	1.0572	0.914	1.1905	0.8814	0.8025	1.6199	1.0272	89.4949	0

Actual rates from j->i (Q_ij):
	A	C	D	E	F	G	H	I	K	L	M	N	P	Q	R	S	T	V	W	Y	*	-
  A	0	0.0193	0.0844	0.061	0.0153	0.0196	0.0224	0.007	0.0072	0.0072	0.0659	0.009	0.0297	0.0191	0.0114	0.0901	0.2593	0.2053	0.0282	0.0112	1.8877	0.0338
  C	0.0178	0	0.0195	0.0127	0.0218	0.0124	0.0292	0.0095	0.0101	0.0101	0.0949	0.0104	0.0162	0.0268	0.0165	0.0106	0.0099	0.0128	0.0392	0.0175	2.386	0.0256
  D	0.0871	0.0218	0	0.1304	0.0175	0.0886	0.0298	0.0074	0.009	0.0082	0.0756	0.3296	0.0123	0.0217	0.0131	0.0113	0.0082	0.0171	0.0319	0.0332	2.1348	0.0289
  E	0.1327	0.0299	0.2751	0	0.0246	0.2356	0.032	0.0109	0.2196	0.0112	0.1093	0.0129	0.0162	0.0482	0.0244	0.0106	0.011	0.0337	0.044	0.0179	4.1781	0.0682
  F	0.0189	0.0293	0.021	0.014	0	0.0123	0.0314	0.0277	0.0111	0.0319	0.1059	0.0114	0.0159	0.0295	0.0183	0.0333	0.0108	0.0331	0.043	0.0368	3.0686	0.0422
  G	0.0418	0.0287	0.1831	0.2308	0.0212	0	0.0287	0.0092	0.0108	0.0098	0.0931	0.0122	0.0144	0.0261	0.1313	0.0687	0.0097	0.0187	0.0383	0.0154	3.4937	0.0617
  H	0.0149	0.0211	0.0192	0.0098	0.0169	0.009	0	0.0072	0.008	0.0135	0.0726	0.0396	0.0203	0.1157	0.0431	0.0078	0.008	0.0104	0.0309	0.1064	1.6573	0.022
  I	0.0228	0.0334	0.0232	0.0162	0.0723	0.0139	0.0348	0	0.0228	0.1367	1.0987	0.0261	0.0178	0.0338	0.0555	0.0697	0.238	0.7444	0.0493	0.0222	5.7582	0.0699
  K	0.0181	0.0274	0.0218	0.2514	0.0223	0.0126	0.0298	0.0175	0	0.0103	0.2168	0.1953	0.0165	0.1538	0.6771	0.0128	0.0828	0.013	0.0402	0.0163	3.9326	0.0629
  L	0.0179	0.0269	0.0196	0.0127	0.0636	0.0113	0.0501	0.1041	0.0102	0	0.2903	0.0105	0.0666	0.0378	0.0183	0.0436	0.0099	0.0616	0.0514	0.0192	3.8374	0.0711
  M	0.0196	0.0306	0.0218	0.0149	0.0254	0.013	0.0323	0.1008	0.0258	0.035	0	0.0121	0.0166	0.034	0.0351	0.0109	0.0203	0.0621	0.0446	0.0185	1.1125	0.024
  N	0.0216	0.0272	0.7669	0.0142	0.0222	0.0137	0.1426	0.0194	0.1881	0.0102	0.098	0	0.0149	0.03	0.0185	0.212	0.0543	0.0129	0.04	0.0259	3.8541	0.0526
  P	0.0436	0.0258	0.0175	0.0109	0.0189	0.0099	0.0448	0.0081	0.0097	0.0397	0.0824	0.0091	0	0.0422	0.0199	0.2354	0.0316	0.0114	0.0344	0.0138	2.6829	0.0373
  Q	0.0182	0.0277	0.0201	0.0211	0.0227	0.0117	0.1655	0.0099	0.0587	0.0146	0.1089	0.0119	0.0273	0	0.0602	0.0119	0.0102	0.0132	0.0406	0.0165	2.5073	0.0305
  R	0.0196	0.0306	0.0217	0.0192	0.0253	0.1053	0.1108	0.0293	0.4645	0.0127	0.202	0.0132	0.0232	0.1082	0	0.0498	0.019	0.0144	0.0496	0.0184	3.8334	0.0473
  S	0.2005	0.0256	0.0243	0.0108	0.0599	0.0717	0.0262	0.048	0.0114	0.0393	0.0818	0.1966	0.3565	0.0279	0.0648	0	0.0644	0.0124	0.0375	0.0438	3.0939	0.0802
  T	0.5935	0.0246	0.0182	0.0115	0.0199	0.0104	0.0274	0.1684	0.076	0.0092	0.1569	0.0517	0.0492	0.0246	0.0255	0.0662	0	0.0202	0.0361	0.0145	3.34	0.061
  V	0.3454	0.0233	0.0278	0.0261	0.045	0.0148	0.0262	0.3871	0.0088	0.042	0.352	0.0091	0.013	0.0233	0.0141	0.0094	0.0148	0	0.0342	0.0151	2.8113	0.0409
  W	0.018	0.0271	0.0197	0.0129	0.0222	0.0114	0.0296	0.0097	0.0103	0.0133	0.0959	0.0106	0.0149	0.0272	0.0185	0.0108	0.0101	0.013	0	0.0162	1.9079	0.0313
  Y	0.0187	0.0317	0.0538	0.0138	0.0497	0.0121	0.2671	0.0115	0.0109	0.013	0.1044	0.018	0.0157	0.029	0.018	0.0329	0.0106	0.015	0.0424	0	3.5394	0.052
  *	0.0157	0.0215	0.0172	0.0159	0.0206	0.0136	0.0207	0.0148	0.0131	0.0129	0.0311	0.0133	0.0152	0.0219	0.0186	0.0115	0.0121	0.0139	0.0248	0.0176	0	0.0225
  -	0.0118	0.0097	0.0098	0.011	0.0119	0.0101	0.0115	0.0075	0.0088	0.0101	0.0283	0.0077	0.0089	0.0112	0.0097	0.0126	0.0093	0.0085	0.0171	0.0109	0.9465	0

