Substitution rate (mu): 1.0

Equilibrium frequencies (pi_i):
  A: 0.03
  C: 0.0279
  D: 0.0316
  E: 0.0657
  F: 0.0376
  G: 0.0654
  H: 0.02
  I: 0.0987
  K: 0.0752
  L: 0.0733
  M: 0.009
  N: 0.073
  P: 0.0449
  Q: 0.029
  R: 0.0512
  S: 0.0676
  T: 0.0696
  V: 0.0498
  W: 0.0193
  Y: 0.0504
  *: 0.0003
  -: 0.0106

Symmetrized rates from j->i (W_ij):
	A	C	D	E	F	G	H	I	K	L	M	N	P	Q	R	S	T	V	W	Y	*	-
  A	0	0.6396	2.8314	1.9961	0.5063	0.6458	0.7477	0.2322	0.2408	0.2429	2.176	0.2974	0.9793	0.6316	0.3823	3.0328	8.5274	6.8041	0.9342	0.373	61.8348	1.1187
  C	0.6396	0	0.6953	0.4549	0.7799	0.4416	1.0534	0.3391	0.3634	0.3642	3.3953	0.3739	0.5786	0.9578	0.5962	0.3798	0.3544	0.4625	1.4065	0.6285	84.876	0.921
  D	2.8314	0.6953	0	4.1665	0.5559	2.8612	0.9528	0.2353	0.2886	0.264	2.4034	10.4507	0.3894	0.6896	0.4216	0.3329	0.2605	0.5499	1.0175	1.0625	67.7987	0.9247
  E	1.9961	0.4549	4.1665	0	0.3739	3.5645	0.4881	0.1652	3.31	0.1723	1.6573	0.2129	0.2458	0.7305	0.3732	0.161	0.1663	0.4957	0.6699	0.273	62.8709	1.0372
  F	0.5063	0.7799	0.5559	0.3739	0	0.3257	0.84	0.7342	0.2959	0.8581	2.8157	0.3045	0.4228	0.7822	0.4913	0.8869	0.2859	0.8903	1.1469	1.0293	81.221	1.1269
  G	0.6458	0.4416	2.8612	3.5645	0.3257	0	0.4433	0.1409	0.1669	0.1521	1.431	0.1874	0.2204	0.4007	1.9384	1.0412	0.1483	0.3102	0.5898	0.2385	53.6627	0.953
  H	0.7477	1.0534	0.9528	0.4881	0.84	0.4433	0	0.3542	0.3978	0.6812	3.5991	1.9656	1.0081	5.7381	2.2277	0.3903	0.3963	0.5239	1.5387	5.255	81.5198	1.0944
  I	0.2322	0.3391	0.2353	0.1652	0.7342	0.1409	0.3542	0	0.2318	1.4245	11.1481	0.265	0.1804	0.3423	0.5669	0.7197	2.4152	7.6501	0.5009	0.226	58.2877	0.712
  K	0.2408	0.3634	0.2886	3.31	0.2959	0.1669	0.3978	0.2318	0	0.1377	2.7403	2.5029	0.2184	2.1071	9.1154	0.1692	1.0969	0.1744	0.5343	0.2165	51.6982	0.835
  L	0.2429	0.3642	0.264	0.1723	0.8581	0.1521	0.6812	1.4245	0.1377	0	3.9083	0.1417	0.9179	0.5093	0.2486	0.602	0.1343	0.8419	0.6958	0.2599	51.0013	0.9585
  M	2.176	3.3953	2.4034	1.6573	2.8157	1.431	3.5991	11.1481	2.7403	3.9083	0	1.3423	1.8413	3.7566	3.9157	1.2101	2.2541	6.9439	4.9562	2.0628	122.7577	2.6691
  N	0.2974	0.3739	10.4507	0.2129	0.3045	0.1874	1.9656	0.265	2.5029	0.1417	1.3423	0	0.2044	0.4112	0.2327	2.948	0.7572	0.1795	0.5498	0.3564	52.5989	0.7232
  P	0.9793	0.5786	0.3894	0.2458	0.4228	0.2204	1.0081	0.1804	0.2184	0.9179	1.8413	0.2044	0	0.9413	0.45	5.319	0.6858	0.2576	0.771	0.3104	59.803	0.8372
  Q	0.6316	0.9578	0.6896	0.7305	0.7822	0.4007	5.7381	0.3423	2.1071	0.5093	3.7566	0.4112	0.9413	0	2.0966	0.4117	0.3529	0.4594	1.4062	0.5725	86.2706	1.0553
  R	0.3823	0.5962	0.4216	0.3732	0.4913	1.9384	2.2277	0.5669	9.1154	0.2486	3.9157	0.2327	0.45	2.0966	0	0.9684	0.3699	0.2817	0.9658	0.3586	73.4487	0.9175
  S	3.0328	0.3798	0.3329	0.161	0.8869	1.0412	0.3903	0.7197	0.1692	0.602	1.2101	2.948	5.319	0.4117	0.9684	0	0.9132	0.1862	0.5569	0.6713	45.544	1.1902
  T	8.5274	0.3544	0.2605	0.1663	0.2859	0.1483	0.3963	2.4152	1.0969	0.1343	2.2541	0.7572	0.6858	0.3529	0.3699	0.9132	0	0.2933	0.5202	0.2096	47.7911	0.8807
  V	6.8041	0.4625	0.5499	0.4957	0.8903	0.3102	0.5239	7.6501	0.1744	0.8419	6.9439	0.1795	0.2576	0.4594	0.2817	0.1862	0.2933	0	0.6778	0.2996	54.7232	0.8068
  W	0.9342	1.4065	1.0175	0.6699	1.1469	0.5898	1.5387	0.5009	0.5343	0.6958	4.9562	0.5498	0.771	1.4062	0.9658	0.5569	0.5202	0.6778	0	0.8404	97.9844	1.6208
  Y	0.373	0.6285	1.0625	0.273	1.0293	0.2385	5.255	0.226	0.2165	0.2599	2.0628	0.3564	0.3104	0.5725	0.3586	0.6713	0.2096	0.2996	0.8404	0	69.3469	1.0291
  *	61.8348	84.876	67.7987	62.8709	81.221	53.6627	81.5198	58.2877	51.6982	51.0013	122.7577	52.5989	59.803	86.2706	73.4487	45.544	47.7911	54.7232	97.9844	69.3469	0	88.6951
  -	1.1187	0.921	0.9247	1.0372	1.1269	0.953	1.0944	0.712	0.835	0.9585	2.6691	0.7232	0.8372	1.0553	0.9175	1.1902	0.8807	0.8068	1.6208	1.0291	88.6951	0

Actual rates from j->i (Q_ij):
	A	C	D	E	F	G	H	I	K	L	M	N	P	Q	R	S	T	V	W	Y	*	-
  A	0	0.0192	0.0849	0.0599	0.0152	0.0194	0.0224	0.007	0.0072	0.0073	0.0653	0.0089	0.0294	0.0189	0.0115	0.0909	0.2557	0.204	0.028	0.0112	1.8542	0.0335
  C	0.0178	0	0.0194	0.0127	0.0217	0.0123	0.0294	0.0094	0.0101	0.0101	0.0946	0.0104	0.0161	0.0267	0.0166	0.0106	0.0099	0.0129	0.0392	0.0175	2.3648	0.0257
  D	0.0895	0.022	0	0.1318	0.0176	0.0905	0.0301	0.0074	0.0091	0.0084	0.076	0.3305	0.0123	0.0218	0.0133	0.0105	0.0082	0.0174	0.0322	0.0336	2.1442	0.0292
  E	0.1312	0.0299	0.2738	0	0.0246	0.2342	0.0321	0.0109	0.2175	0.0113	0.1089	0.014	0.0162	0.048	0.0245	0.0106	0.0109	0.0326	0.044	0.0179	4.1309	0.0681
  F	0.019	0.0293	0.0209	0.0141	0	0.0122	0.0316	0.0276	0.0111	0.0323	0.1059	0.0114	0.0159	0.0294	0.0185	0.0333	0.0107	0.0335	0.0431	0.0387	3.054	0.0424
  G	0.0422	0.0289	0.187	0.233	0.0213	0	0.029	0.0092	0.0109	0.0099	0.0935	0.0122	0.0144	0.0262	0.1267	0.0681	0.0097	0.0203	0.0385	0.0156	3.5073	0.0623
  H	0.0149	0.021	0.019	0.0097	0.0168	0.0088	0	0.0071	0.0079	0.0136	0.0718	0.0392	0.0201	0.1145	0.0445	0.0078	0.0079	0.0105	0.0307	0.1049	1.6273	0.0218
  I	0.0229	0.0335	0.0232	0.0163	0.0725	0.0139	0.035	0	0.0229	0.1406	1.1002	0.0262	0.0178	0.0338	0.0559	0.071	0.2384	0.755	0.0494	0.0223	5.7525	0.0703
  K	0.0181	0.0273	0.0217	0.249	0.0223	0.0126	0.0299	0.0174	0	0.0104	0.2061	0.1883	0.0164	0.1585	0.6857	0.0127	0.0825	0.0131	0.0402	0.0163	3.889	0.0628
  L	0.0178	0.0267	0.0194	0.0126	0.0629	0.0112	0.05	0.1045	0.0101	0	0.2866	0.0104	0.0673	0.0373	0.0182	0.0441	0.0099	0.0617	0.051	0.0191	3.7401	0.0703
  M	0.0197	0.0307	0.0217	0.015	0.0254	0.0129	0.0325	0.1007	0.0247	0.0353	0	0.0121	0.0166	0.0339	0.0354	0.0109	0.0204	0.0627	0.0448	0.0186	1.1085	0.0241
  N	0.0217	0.0273	0.7628	0.0155	0.0222	0.0137	0.1435	0.0193	0.1827	0.0103	0.098	0	0.0149	0.03	0.017	0.2152	0.0553	0.0131	0.0401	0.026	3.8394	0.0528
  P	0.044	0.026	0.0175	0.011	0.019	0.0099	0.0453	0.0081	0.0098	0.0412	0.0827	0.0092	0	0.0423	0.0202	0.2388	0.0308	0.0116	0.0346	0.0139	2.6852	0.0376
  Q	0.0183	0.0278	0.02	0.0212	0.0227	0.0116	0.1666	0.0099	0.0612	0.0148	0.1091	0.0119	0.0273	0	0.0609	0.012	0.0102	0.0133	0.0408	0.0166	2.5053	0.0306
  R	0.0196	0.0305	0.0216	0.0191	0.0251	0.0992	0.114	0.029	0.4665	0.0127	0.2004	0.0119	0.023	0.1073	0	0.0496	0.0189	0.0144	0.0494	0.0184	3.759	0.047
  S	0.205	0.0257	0.0225	0.0109	0.0599	0.0704	0.0264	0.0486	0.0114	0.0407	0.0818	0.1992	0.3595	0.0278	0.0654	0	0.0617	0.0126	0.0376	0.0454	3.0779	0.0804
  T	0.5939	0.0247	0.0181	0.0116	0.0199	0.0103	0.0276	0.1682	0.0764	0.0094	0.157	0.0527	0.0478	0.0246	0.0258	0.0636	0	0.0204	0.0362	0.0146	3.3283	0.0613
  V	0.3389	0.023	0.0274	0.0247	0.0443	0.0154	0.0261	0.381	0.0087	0.0419	0.3458	0.0089	0.0128	0.0229	0.014	0.0093	0.0146	0	0.0338	0.0149	2.7254	0.0402
  W	0.018	0.0271	0.0196	0.0129	0.0221	0.0114	0.0297	0.0097	0.0103	0.0134	0.0956	0.0106	0.0149	0.0271	0.0186	0.0107	0.01	0.0131	0	0.0162	1.8905	0.0313
  Y	0.0188	0.0316	0.0535	0.0137	0.0518	0.012	0.2646	0.0114	0.0109	0.0131	0.1039	0.0179	0.0156	0.0288	0.0181	0.0338	0.0106	0.0151	0.0423	0	3.4919	0.0518
  *	0.0157	0.0215	0.0172	0.0159	0.0206	0.0136	0.0207	0.0148	0.0131	0.0129	0.0311	0.0133	0.0152	0.0219	0.0186	0.0115	0.0121	0.0139	0.0248	0.0176	0	0.0225
  -	0.0118	0.0097	0.0098	0.011	0.0119	0.0101	0.0116	0.0075	0.0088	0.0101	0.0282	0.0076	0.0089	0.0112	0.0097	0.0126	0.0093	0.0085	0.0171	0.0109	0.9381	0

