Substitution rate (mu): 1.0

Equilibrium frequencies (pi_i):
  A: 0.03
  C: 0.0279
  D: 0.0316
  E: 0.0657
  F: 0.0376
  G: 0.0654
  H: 0.02
  I: 0.0986
  K: 0.0752
  L: 0.0733
  M: 0.009
  N: 0.073
  P: 0.0449
  Q: 0.029
  R: 0.0512
  S: 0.0676
  T: 0.0696
  V: 0.0499
  W: 0.0193
  Y: 0.0504
  *: 0.0003
  -: 0.0106

Symmetrized rates from j->i (W_ij):
	A	C	D	E	F	G	H	I	K	L	M	N	P	Q	R	S	T	V	W	Y	*	-
  A	0	0.6393	2.8301	1.9953	0.506	0.6455	0.7473	0.2324	0.2407	0.2428	2.1752	0.2973	0.9789	0.6313	0.3822	3.0315	8.5241	6.7925	0.9338	0.3728	61.7324	1.1183
  C	0.6393	0	0.6951	0.4547	0.7797	0.4414	1.0531	0.3393	0.3633	0.3641	3.3942	0.3738	0.5784	0.9574	0.596	0.3797	0.3543	0.4619	1.4059	0.6282	84.7337	0.9207
  D	2.8301	0.6951	0	4.1651	0.5557	2.8602	0.9525	0.2355	0.2885	0.264	2.4027	10.4473	0.3893	0.6893	0.4215	0.3328	0.2604	0.5491	1.0171	1.0622	67.6855	0.9244
  E	1.9953	0.4547	4.1651	0	0.3738	3.5633	0.488	0.1653	3.3089	0.1723	1.6568	0.2128	0.2458	0.7303	0.3731	0.161	0.1662	0.4952	0.6697	0.2729	62.7665	1.0368
  F	0.506	0.7797	0.5557	0.3738	0	0.3255	0.8397	0.7346	0.2958	0.8579	2.8148	0.3044	0.4227	0.782	0.4912	0.8866	0.2858	0.8892	1.1465	1.0289	81.0849	1.1266
  G	0.6455	0.4414	2.8602	3.5633	0.3255	0	0.4431	0.141	0.1668	0.1521	1.4305	0.1873	0.2204	0.4005	1.9378	1.0409	0.1482	0.3097	0.5895	0.2384	53.5728	0.9527
  H	0.7473	1.0531	0.9525	0.488	0.8397	0.4431	0	0.3545	0.3977	0.681	3.5981	1.965	1.0078	5.7361	2.2271	0.3902	0.3962	0.5231	1.5381	5.2533	81.3837	1.094
  I	0.2324	0.3393	0.2355	0.1653	0.7346	0.141	0.3545	0	0.232	1.4254	11.1537	0.2651	0.1805	0.3425	0.5672	0.7202	2.4169	7.666	0.5012	0.2262	58.1904	0.7122
  K	0.2407	0.3633	0.2885	3.3089	0.2958	0.1668	0.3977	0.232	0	0.1376	2.7396	2.5021	0.2183	2.1063	9.113	0.1692	1.0966	0.1742	0.5341	0.2164	51.6119	0.8347
  L	0.2428	0.3641	0.264	0.1723	0.8579	0.1521	0.681	1.4254	0.1376	0	3.9072	0.1416	0.9176	0.5091	0.2485	0.6019	0.1343	0.8409	0.6956	0.2598	50.9157	0.9582
  M	2.1752	3.3942	2.4027	1.6568	2.8148	1.4305	3.5981	11.1537	2.7396	3.9072	0	1.3419	1.8408	3.7553	3.9147	1.2098	2.2536	6.9367	4.9545	2.0622	122.5503	2.6683
  N	0.2973	0.3738	10.4473	0.2128	0.3044	0.1873	1.965	0.2651	2.5021	0.1416	1.3419	0	0.2043	0.4111	0.2327	2.9471	0.757	0.1793	0.5496	0.3563	52.5107	0.7229
  P	0.9789	0.5784	0.3893	0.2458	0.4227	0.2204	1.0078	0.1805	0.2183	0.9176	1.8408	0.2043	0	0.941	0.4499	5.3175	0.6856	0.2573	0.7708	0.3103	59.7032	0.8369
  Q	0.6313	0.9574	0.6893	0.7303	0.782	0.4005	5.7361	0.3425	2.1063	0.5091	3.7553	0.4111	0.941	0	2.0959	0.4116	0.3528	0.4588	1.4056	0.5723	86.1247	1.0549
  R	0.3822	0.596	0.4215	0.3731	0.4912	1.9378	2.2271	0.5672	9.113	0.2485	3.9147	0.2327	0.4499	2.0959	0	0.9682	0.3699	0.2814	0.9655	0.3585	73.3265	0.9173
  S	3.0315	0.3797	0.3328	0.161	0.8866	1.0409	0.3902	0.7202	0.1692	0.6019	1.2098	2.9471	5.3175	0.4116	0.9682	0	0.913	0.1859	0.5567	0.6711	45.4681	1.1899
  T	8.5241	0.3543	0.2604	0.1662	0.2858	0.1482	0.3962	2.4169	1.0966	0.1343	2.2536	0.757	0.6856	0.3528	0.3699	0.913	0	0.2929	0.52	0.2095	47.711	0.8805
  V	6.7925	0.4619	0.5491	0.4952	0.8892	0.3097	0.5231	7.666	0.1742	0.8409	6.9367	0.1793	0.2573	0.4588	0.2814	0.1859	0.2929	0	0.6769	0.2993	54.632	0.8062
  W	0.9338	1.4059	1.0171	0.6697	1.1465	0.5895	1.5381	0.5012	0.5341	0.6956	4.9545	0.5496	0.7708	1.4056	0.9655	0.5567	0.52	0.6769	0	0.8401	97.8197	1.6203
  Y	0.3728	0.6282	1.0622	0.2729	1.0289	0.2384	5.2533	0.2262	0.2164	0.2598	2.0622	0.3563	0.3103	0.5723	0.3585	0.6711	0.2095	0.2993	0.8401	0	69.2309	1.0288
  *	61.7324	84.7337	67.6855	62.7665	81.0849	53.5728	81.3837	58.1904	51.6119	50.9157	122.5503	52.5107	59.7032	86.1247	73.3265	45.4681	47.711	54.632	97.8197	69.2309	0	88.546
  -	1.1183	0.9207	0.9244	1.0368	1.1266	0.9527	1.094	0.7122	0.8347	0.9582	2.6683	0.7229	0.8369	1.0549	0.9173	1.1899	0.8805	0.8062	1.6203	1.0288	88.546	0

Actual rates from j->i (Q_ij):
	A	C	D	E	F	G	H	I	K	L	M	N	P	Q	R	S	T	V	W	Y	*	-
  A	0	0.0192	0.0849	0.0599	0.0152	0.0194	0.0224	0.007	0.0072	0.0073	0.0653	0.0089	0.0294	0.0189	0.0115	0.0909	0.2557	0.2038	0.028	0.0112	1.8519	0.0335
  C	0.0178	0	0.0194	0.0127	0.0217	0.0123	0.0293	0.0095	0.0101	0.0101	0.0946	0.0104	0.0161	0.0267	0.0166	0.0106	0.0099	0.0129	0.0392	0.0175	2.361	0.0257
  D	0.0895	0.022	0	0.1317	0.0176	0.0905	0.0301	0.0074	0.0091	0.0083	0.076	0.3304	0.0123	0.0218	0.0133	0.0105	0.0082	0.0174	0.0322	0.0336	2.1408	0.0292
  E	0.1311	0.0299	0.2737	0	0.0246	0.2341	0.0321	0.0109	0.2174	0.0113	0.1089	0.014	0.0161	0.048	0.0245	0.0106	0.0109	0.0325	0.044	0.0179	4.1243	0.0681
  F	0.019	0.0293	0.0209	0.0141	0	0.0122	0.0316	0.0276	0.0111	0.0323	0.1058	0.0114	0.0159	0.0294	0.0185	0.0333	0.0107	0.0334	0.0431	0.0387	3.049	0.0424
  G	0.0422	0.0289	0.1869	0.2329	0.0213	0	0.029	0.0092	0.0109	0.0099	0.0935	0.0122	0.0144	0.0262	0.1267	0.068	0.0097	0.0202	0.0385	0.0156	3.5017	0.0623
  H	0.0149	0.021	0.019	0.0097	0.0168	0.0088	0	0.0071	0.0079	0.0136	0.0718	0.0392	0.0201	0.1145	0.0445	0.0078	0.0079	0.0104	0.0307	0.1049	1.6246	0.0218
  I	0.0229	0.0334	0.0232	0.0163	0.0724	0.0139	0.0349	0	0.0229	0.1405	1.0992	0.0261	0.0178	0.0338	0.0559	0.071	0.2382	0.7555	0.0494	0.0223	5.7347	0.0702
  K	0.0181	0.0273	0.0217	0.2489	0.0223	0.0125	0.0299	0.0174	0	0.0104	0.2061	0.1882	0.0164	0.1585	0.6855	0.0127	0.0825	0.0131	0.0402	0.0163	3.8826	0.0628
  L	0.0178	0.0267	0.0194	0.0126	0.0629	0.0112	0.0499	0.1045	0.0101	0	0.2865	0.0104	0.0673	0.0373	0.0182	0.0441	0.0098	0.0617	0.051	0.0191	3.7337	0.0703
  M	0.0196	0.0306	0.0217	0.015	0.0254	0.0129	0.0325	0.1007	0.0247	0.0353	0	0.0121	0.0166	0.0339	0.0353	0.0109	0.0203	0.0626	0.0447	0.0186	1.1066	0.0241
  N	0.0217	0.0273	0.7626	0.0155	0.0222	0.0137	0.1434	0.0194	0.1826	0.0103	0.098	0	0.0149	0.03	0.017	0.2151	0.0553	0.0131	0.0401	0.026	3.8331	0.0528
  P	0.044	0.026	0.0175	0.011	0.019	0.0099	0.0453	0.0081	0.0098	0.0412	0.0827	0.0092	0	0.0423	0.0202	0.2388	0.0308	0.0116	0.0346	0.0139	2.6808	0.0376
  Q	0.0183	0.0278	0.02	0.0212	0.0227	0.0116	0.1666	0.0099	0.0612	0.0148	0.1091	0.0119	0.0273	0	0.0609	0.012	0.0102	0.0133	0.0408	0.0166	2.5013	0.0306
  R	0.0196	0.0305	0.0216	0.0191	0.0251	0.0992	0.114	0.029	0.4664	0.0127	0.2003	0.0119	0.023	0.1073	0	0.0495	0.0189	0.0144	0.0494	0.0183	3.7526	0.0469
  S	0.2049	0.0257	0.0225	0.0109	0.0599	0.0703	0.0264	0.0487	0.0114	0.0407	0.0818	0.1992	0.3594	0.0278	0.0654	0	0.0617	0.0126	0.0376	0.0454	3.0728	0.0804
  T	0.5936	0.0247	0.0181	0.0116	0.0199	0.0103	0.0276	0.1683	0.0764	0.0094	0.1569	0.0527	0.0477	0.0246	0.0258	0.0636	0	0.0204	0.0362	0.0146	3.3225	0.0613
  V	0.3391	0.0231	0.0274	0.0247	0.0444	0.0155	0.0261	0.3826	0.0087	0.042	0.3462	0.009	0.0128	0.0229	0.014	0.0093	0.0146	0	0.0338	0.0149	2.727	0.0402
  W	0.018	0.0271	0.0196	0.0129	0.0221	0.0114	0.0297	0.0097	0.0103	0.0134	0.0956	0.0106	0.0149	0.0271	0.0186	0.0107	0.01	0.0131	0	0.0162	1.8874	0.0313
  Y	0.0188	0.0316	0.0535	0.0137	0.0518	0.012	0.2645	0.0114	0.0109	0.0131	0.1038	0.0179	0.0156	0.0288	0.0181	0.0338	0.0106	0.0151	0.0423	0	3.4863	0.0518
  *	0.0157	0.0215	0.0172	0.0159	0.0206	0.0136	0.0207	0.0148	0.0131	0.0129	0.0311	0.0133	0.0152	0.0219	0.0186	0.0115	0.0121	0.0139	0.0248	0.0176	0	0.0225
  -	0.0118	0.0097	0.0098	0.011	0.0119	0.0101	0.0116	0.0075	0.0088	0.0101	0.0282	0.0076	0.0089	0.0112	0.0097	0.0126	0.0093	0.0085	0.0171	0.0109	0.9365	0

