Substitution rate (mu): 1.0

Equilibrium frequencies (pi_i):
  A: 0.0299
  C: 0.0278
  D: 0.0314
  E: 0.065
  F: 0.0376
  G: 0.0662
  H: 0.0199
  I: 0.0981
  K: 0.0765
  L: 0.0729
  M: 0.0089
  N: 0.0729
  P: 0.0448
  Q: 0.0285
  R: 0.0514
  S: 0.0671
  T: 0.07
  V: 0.0505
  W: 0.0193
  Y: 0.0504
  *: 0.0003
  -: 0.0106

Symmetrized rates from j->i (W_ij):
	A	C	D	E	F	G	H	I	K	L	M	N	P	Q	R	S	T	V	W	Y	*	-
  A	0	0.6377	2.784	2.0326	0.5049	0.6648	0.7472	0.2323	0.2374	0.243	2.187	0.2965	1.0129	0.6374	0.3799	3.0351	8.7105	6.8578	0.9317	0.3716	62.1041	1.115
  C	0.6377	0	0.6948	0.4558	0.7776	0.4371	1.0517	0.339	0.359	0.3639	3.4066	0.3727	0.5769	0.9639	0.5927	0.3796	0.3523	0.4583	1.4022	0.626	85.2434	0.9179
  D	2.784	0.6948	0	4.2517	0.5554	2.7775	0.9545	0.2357	0.2853	0.2646	2.4184	10.3052	0.3893	0.6967	0.4198	0.3338	0.2594	0.5457	1.0168	1.0606	68.0933	0.9226
  E	2.0326	0.4558	4.2517	0	0.3745	3.6252	0.4902	0.1658	3.3243	0.173	1.6691	0.2132	0.2465	0.7381	0.4014	0.1618	0.1662	0.516	0.6712	0.2733	63.1493	1.0367
  F	0.5049	0.7776	0.5554	0.3745	0	0.3226	0.8385	0.7339	0.2926	0.8574	2.8239	0.3035	0.4216	0.7866	0.4886	0.8863	0.2843	0.8829	1.1436	1.0255	81.5729	1.1232
  G	0.6648	0.4371	2.7775	3.6252	0.3226	0	0.4388	0.1401	0.1637	0.1509	1.4276	0.1855	0.218	0.4006	1.9398	1.0754	0.1463	0.2858	0.5839	0.236	53.9	0.9462
  H	0.7472	1.0517	0.9545	0.4902	0.8385	0.4388	0	0.3547	0.3929	0.682	3.6195	1.8802	1.0068	5.8995	2.2796	0.391	0.3943	0.5193	1.5364	5.1181	81.8731	1.0914
  I	0.2323	0.339	0.2357	0.1658	0.7339	0.1401	0.3547	0	0.2302	1.4524	10.9431	0.2649	0.1804	0.3447	0.5654	0.721	2.3976	7.5545	0.5008	0.2258	58.5401	0.7108
  K	0.2374	0.359	0.2853	3.3243	0.2926	0.1637	0.3929	0.2302	0	0.1363	2.8588	2.5287	0.2156	2.102	9.1045	0.1674	1.0799	0.1711	0.5281	0.2139	51.9253	0.8282
  L	0.243	0.3639	0.2646	0.173	0.8574	0.1509	0.682	1.4524	0.1363	0	3.9292	0.1415	0.9176	0.5137	0.2476	0.6033	0.1338	0.8365	0.6954	0.2595	51.2236	0.9565
  M	2.187	3.4066	2.4184	1.6691	2.8239	1.4276	3.6195	10.9431	2.8588	3.9292	0	1.3465	1.8489	3.7981	3.9167	1.2175	2.2573	6.7774	4.9729	2.0678	123.2774	2.6702
  N	0.2965	0.3727	10.3052	0.2132	0.3035	0.1855	1.8802	0.2649	2.5287	0.1415	1.3465	0	0.2037	0.4137	0.2545	2.9456	0.7662	0.1779	0.548	0.355	52.8294	0.7206
  P	1.0129	0.5769	0.3893	0.2465	0.4216	0.218	1.0068	0.1804	0.2156	0.9176	1.8489	0.2037	0	0.9485	0.4473	5.1844	0.7009	0.2551	0.7688	0.3092	60.0674	0.8344
  Q	0.6374	0.9639	0.6967	0.7381	0.7866	0.4006	5.8995	0.3447	2.102	0.5137	3.7981	0.4137	0.9485	0	2.1617	0.4159	0.3544	0.4602	1.415	0.5754	86.6419	1.0572
  R	0.3799	0.5927	0.4198	0.4014	0.4886	1.9398	2.2796	0.5654	9.1045	0.2476	3.9167	0.2545	0.4473	2.1617	0	0.9645	0.3668	0.2785	0.9602	0.3563	73.7693	0.913
  S	3.0351	0.3796	0.3338	0.1618	0.8863	1.0754	0.391	0.721	0.1674	0.6033	1.2175	2.9456	5.1844	0.4159	0.9645	0	0.9739	0.1849	0.5566	0.6703	45.7386	1.1876
  T	8.7105	0.3523	0.2594	0.1662	0.2843	0.1463	0.3943	2.3976	1.0799	0.1338	2.2573	0.7662	0.7009	0.3544	0.3668	0.9739	0	0.2895	0.5171	0.2082	48.0065	0.8765
  V	6.8578	0.4583	0.5457	0.516	0.8829	0.2858	0.5193	7.5545	0.1711	0.8365	6.7774	0.1779	0.2551	0.4602	0.2785	0.1849	0.2895	0	0.6718	0.2968	54.9706	0.8017
  W	0.9317	1.4022	1.0168	0.6712	1.1436	0.5839	1.5364	0.5008	0.5281	0.6954	4.9729	0.548	0.7688	1.415	0.9602	0.5566	0.5171	0.6718	0	0.8373	98.4055	1.6154
  Y	0.3716	0.626	1.0606	0.2733	1.0255	0.236	5.1181	0.2258	0.2139	0.2595	2.0678	0.355	0.3092	0.5754	0.3563	0.6703	0.2082	0.2968	0.8373	0	69.6496	1.0252
  *	62.1041	85.2434	68.0933	63.1493	81.5729	53.9	81.8731	58.5401	51.9253	51.2236	123.2774	52.8294	60.0674	86.6419	73.7693	45.7386	48.0065	54.9706	98.4055	69.6496	0	89.0791
  -	1.115	0.9179	0.9226	1.0367	1.1232	0.9462	1.0914	0.7108	0.8282	0.9565	2.6702	0.7206	0.8344	1.0572	0.913	1.1876	0.8765	0.8017	1.6154	1.0252	89.0791	0

Actual rates from j->i (Q_ij):
	A	C	D	E	F	G	H	I	K	L	M	N	P	Q	R	S	T	V	W	Y	*	-
  A	0	0.0191	0.0833	0.0608	0.0151	0.0199	0.0224	0.007	0.0071	0.0073	0.0655	0.0089	0.0303	0.0191	0.0114	0.0908	0.2607	0.2052	0.0279	0.0111	1.8586	0.0334
  C	0.0178	0	0.0193	0.0127	0.0216	0.0122	0.0293	0.0094	0.01	0.0101	0.0948	0.0104	0.0161	0.0268	0.0165	0.0106	0.0098	0.0128	0.039	0.0174	2.3729	0.0256
  D	0.0874	0.0218	0	0.1335	0.0174	0.0872	0.03	0.0074	0.009	0.0083	0.076	0.3237	0.0122	0.0219	0.0132	0.0105	0.0081	0.0171	0.0319	0.0333	2.1388	0.029
  E	0.1322	0.0296	0.2765	0	0.0244	0.2358	0.0319	0.0108	0.2162	0.0113	0.1086	0.0139	0.016	0.048	0.0261	0.0105	0.0108	0.0336	0.0437	0.0178	4.1071	0.0674
  F	0.019	0.0292	0.0209	0.0141	0	0.0121	0.0315	0.0276	0.011	0.0322	0.1061	0.0114	0.0158	0.0295	0.0183	0.0333	0.0107	0.0332	0.0429	0.0385	3.0635	0.0422
  G	0.044	0.029	0.184	0.2401	0.0214	0	0.0291	0.0093	0.0108	0.01	0.0946	0.0123	0.0144	0.0265	0.1285	0.0712	0.0097	0.0189	0.0387	0.0156	3.5704	0.0627
  H	0.0148	0.0209	0.019	0.0097	0.0167	0.0087	0	0.007	0.0078	0.0135	0.0719	0.0374	0.02	0.1172	0.0453	0.0078	0.0078	0.0103	0.0305	0.1017	1.6265	0.0217
  I	0.0228	0.0333	0.0231	0.0163	0.072	0.0137	0.0348	0	0.0226	0.1425	1.0739	0.026	0.0177	0.0338	0.0555	0.0708	0.2353	0.7413	0.0491	0.0222	5.7447	0.0698
  K	0.0182	0.0275	0.0218	0.2542	0.0224	0.0125	0.03	0.0176	0	0.0104	0.2186	0.1934	0.0165	0.1607	0.6962	0.0128	0.0826	0.0131	0.0404	0.0164	3.9707	0.0633
  L	0.0177	0.0265	0.0193	0.0126	0.0625	0.011	0.0497	0.1059	0.0099	0	0.2864	0.0103	0.0669	0.0375	0.0181	0.044	0.0098	0.061	0.0507	0.0189	3.7342	0.0697
  M	0.0195	0.0304	0.0216	0.0149	0.0252	0.0127	0.0323	0.0976	0.0255	0.0351	0	0.012	0.0165	0.0339	0.0349	0.0109	0.0201	0.0605	0.0444	0.0184	1.0997	0.0238
  N	0.0216	0.0272	0.7517	0.0156	0.0221	0.0135	0.1371	0.0193	0.1845	0.0103	0.0982	0	0.0149	0.0302	0.0186	0.2149	0.0559	0.013	0.04	0.0259	3.8536	0.0526
  P	0.0454	0.0259	0.0175	0.0111	0.0189	0.0098	0.0452	0.0081	0.0097	0.0412	0.0829	0.0091	0	0.0425	0.0201	0.2325	0.0314	0.0114	0.0345	0.0139	2.6938	0.0374
  Q	0.0182	0.0275	0.0198	0.021	0.0224	0.0114	0.168	0.0098	0.0599	0.0146	0.1082	0.0118	0.027	0	0.0616	0.0118	0.0101	0.0131	0.0403	0.0164	2.4676	0.0301
  R	0.0195	0.0304	0.0216	0.0206	0.0251	0.0997	0.1171	0.029	0.4678	0.0127	0.2012	0.0131	0.023	0.1111	0	0.0496	0.0188	0.0143	0.0493	0.0183	3.79	0.0469
  S	0.2036	0.0255	0.0224	0.0109	0.0595	0.0722	0.0262	0.0484	0.0112	0.0405	0.0817	0.1976	0.3478	0.0279	0.0647	0	0.0653	0.0124	0.0373	0.045	3.0688	0.0797
  T	0.61	0.0247	0.0182	0.0116	0.0199	0.0102	0.0276	0.1679	0.0756	0.0094	0.1581	0.0537	0.0491	0.0248	0.0257	0.0682	0	0.0203	0.0362	0.0146	3.3619	0.0614
  V	0.3461	0.0231	0.0275	0.026	0.0446	0.0144	0.0262	0.3812	0.0086	0.0422	0.342	0.009	0.0129	0.0232	0.0141	0.0093	0.0146	0	0.0339	0.015	2.7741	0.0405
  W	0.018	0.027	0.0196	0.0129	0.022	0.0113	0.0296	0.0097	0.0102	0.0134	0.0958	0.0106	0.0148	0.0273	0.0185	0.0107	0.01	0.0129	0	0.0161	1.8963	0.0311
  Y	0.0187	0.0315	0.0534	0.0138	0.0517	0.0119	0.2578	0.0114	0.0108	0.0131	0.1041	0.0179	0.0156	0.029	0.0179	0.0338	0.0105	0.0149	0.0422	0	3.5081	0.0516
  *	0.0156	0.0214	0.0171	0.0159	0.0205	0.0135	0.0206	0.0147	0.0131	0.0129	0.031	0.0133	0.0151	0.0218	0.0185	0.0115	0.0121	0.0138	0.0247	0.0175	0	0.0224
  -	0.0118	0.0097	0.0098	0.011	0.0119	0.01	0.0115	0.0075	0.0088	0.0101	0.0282	0.0076	0.0088	0.0112	0.0097	0.0126	0.0093	0.0085	0.0171	0.0108	0.9421	0

