Substitution rate (mu): 1.0

Equilibrium frequencies (pi_i):
  A: 0.0304
  C: 0.0278
  D: 0.0316
  E: 0.0659
  F: 0.0372
  G: 0.0644
  H: 0.0199
  I: 0.0982
  K: 0.0765
  L: 0.0734
  M: 0.0089
  N: 0.073
  P: 0.0453
  Q: 0.0283
  R: 0.0515
  S: 0.0662
  T: 0.07
  V: 0.0507
  W: 0.0193
  Y: 0.0506
  *: 0.0003
  -: 0.0106

Symmetrized rates from j->i (W_ij):
	A	C	D	E	F	G	H	I	K	L	M	N	P	Q	R	S	T	V	W	Y	*	-
  A	0	0.6357	2.716	2.0088	0.5071	0.6477	0.743	0.2319	0.2367	0.2411	2.179	0.2957	1.0025	0.6377	0.3786	2.9495	8.5351	6.8152	0.9287	0.3694	61.9048	1.1145
  C	0.6357	0	0.6949	0.4533	0.7835	0.4442	1.0531	0.3396	0.3598	0.3634	3.4088	0.3735	0.5753	0.9684	0.5934	0.3825	0.353	0.4585	1.4048	0.6258	84.971	0.9197
  D	2.716	0.6949	0	4.1202	0.5593	2.8245	0.9534	0.2358	0.2855	0.2635	2.4159	10.4172	0.387	0.6991	0.4196	0.336	0.2594	0.5446	1.0168	1.058	67.8722	0.9235
  E	2.0088	0.4533	4.1202	0	0.3746	3.4982	0.4866	0.1651	3.3246	0.1716	1.6599	0.2121	0.2439	0.736	0.3708	0.1616	0.1652	0.512	0.6676	0.2713	62.945	1.0631
  F	0.5071	0.7835	0.5593	0.3746	0	0.3293	0.8454	0.7383	0.2949	0.8316	2.8392	0.3059	0.4233	0.7945	0.4916	0.8982	0.2866	0.889	1.152	0.9839	81.3096	1.1289
  G	0.6477	0.4442	2.8245	3.4982	0.3293	0	0.447	0.1418	0.1815	0.1529	1.4452	0.1885	0.2209	0.408	1.9657	1.072	0.1488	0.2905	0.5931	0.239	53.7254	0.9313
  H	0.743	1.0531	0.9534	0.4866	0.8454	0.447	0	0.3551	0.3936	0.6801	3.6194	1.9651	1.0022	6.0329	2.1541	0.3943	0.3948	0.5189	1.5382	5.357	81.6159	1.0933
  I	0.2319	0.3396	0.2358	0.1651	0.7383	0.1418	0.3551	0	0.2306	1.4254	11.3313	0.2786	0.1801	0.3459	0.5659	0.7133	2.4141	7.5896	0.5016	0.2258	58.3479	0.7121
  K	0.2367	0.3598	0.2855	3.3246	0.2949	0.1815	0.3936	0.2306	0	0.1362	2.8613	2.5629	0.2151	2.0394	9.0053	0.1687	1.1089	0.1713	0.5292	0.2138	51.7518	0.8298
  L	0.2411	0.3634	0.2635	0.1716	0.8316	0.1529	0.6801	1.4254	0.1362	0	3.9206	0.1414	0.9115	0.5144	0.2472	0.6056	0.1336	0.8336	0.6943	0.2585	51.0575	0.9566
  M	2.179	3.4088	2.4159	1.6599	2.8392	1.4452	3.6194	11.3313	2.8613	3.9206	0	1.3476	1.8428	3.8089	3.9168	1.2238	2.2589	6.9337	4.9751	2.065	122.8871	2.6728
  N	0.2957	0.3735	10.4172	0.2121	0.3059	0.1885	1.9651	0.2786	2.5629	0.1414	1.3476	0	0.2032	0.4157	0.2548	2.955	0.7543	0.178	0.5492	0.3549	52.6624	0.7222
  P	1.0025	0.5753	0.387	0.2439	0.4233	0.2209	1.0022	0.1801	0.2151	0.9115	1.8428	0.2032	0	0.9489	0.446	5.1804	0.6988	0.2538	0.7667	0.3076	59.8704	0.834
  Q	0.6377	0.9684	0.6991	0.736	0.7945	0.408	6.0329	0.3459	2.0394	0.5144	3.8089	0.4157	0.9489	0	2.1693	0.4203	0.3562	0.4619	1.4214	0.5766	86.3639	1.0608
  R	0.3786	0.5934	0.4196	0.3708	0.4916	1.9657	2.1541	0.5659	9.0053	0.2472	3.9168	0.2548	0.446	2.1693	0	0.9912	0.3672	0.2785	0.9612	0.356	73.5301	0.9144
  S	2.9495	0.3825	0.336	0.1616	0.8982	1.072	0.3943	0.7133	0.1687	0.6056	1.2238	2.955	5.1804	0.4203	0.9912	0	0.9045	0.1861	0.5607	0.6528	45.5819	1.1932
  T	8.5351	0.353	0.2594	0.1652	0.2866	0.1488	0.3948	2.4141	1.1089	0.1336	2.2589	0.7543	0.6988	0.3562	0.3672	0.9045	0	0.2896	0.5181	0.2081	47.8527	0.8783
  V	6.8152	0.4585	0.5446	0.512	0.889	0.2905	0.5189	7.5896	0.1713	0.8336	6.9337	0.178	0.2538	0.4619	0.2785	0.1861	0.2896	0	0.672	0.2962	54.7891	0.8026
  W	0.9287	1.4048	1.0168	0.6676	1.152	0.5931	1.5382	0.5016	0.5292	0.6943	4.9751	0.5492	0.7667	1.4214	0.9612	0.5607	0.5181	0.672	0	0.8369	98.0929	1.6184
  Y	0.3694	0.6258	1.058	0.2713	0.9839	0.239	5.357	0.2258	0.2138	0.2585	2.065	0.3549	0.3076	0.5766	0.356	0.6528	0.2081	0.2962	0.8369	0	69.4251	1.0259
  *	61.9048	84.971	67.8722	62.945	81.3096	53.7254	81.6159	58.3479	51.7518	51.0575	122.8871	52.6624	59.8704	86.3639	73.5301	45.5819	47.8527	54.7891	98.0929	69.4251	0	88.7949
  -	1.1145	0.9197	0.9235	1.0631	1.1289	0.9313	1.0933	0.7121	0.8298	0.9566	2.6728	0.7222	0.834	1.0608	0.9144	1.1932	0.8783	0.8026	1.6184	1.0259	88.7949	0

Actual rates from j->i (Q_ij):
	A	C	D	E	F	G	H	I	K	L	M	N	P	Q	R	S	T	V	W	Y	*	-
  A	0	0.0193	0.0825	0.061	0.0154	0.0197	0.0226	0.007	0.0072	0.0073	0.0662	0.009	0.0305	0.0194	0.0115	0.0896	0.2593	0.2071	0.0282	0.0112	1.8808	0.0339
  C	0.0177	0	0.0193	0.0126	0.0218	0.0124	0.0293	0.0095	0.01	0.0101	0.0949	0.0104	0.016	0.027	0.0165	0.0107	0.0098	0.0128	0.0391	0.0174	2.366	0.0256
  D	0.0857	0.0219	0	0.13	0.0177	0.0891	0.0301	0.0074	0.009	0.0083	0.0763	0.3288	0.0122	0.0221	0.0132	0.0106	0.0082	0.0172	0.0321	0.0334	2.1422	0.0291
  E	0.1325	0.0299	0.2717	0	0.0247	0.2307	0.0321	0.0109	0.2192	0.0113	0.1094	0.014	0.0161	0.0485	0.0245	0.0107	0.0109	0.0338	0.044	0.0179	4.1505	0.0701
  F	0.0189	0.0291	0.0208	0.0139	0	0.0122	0.0314	0.0275	0.011	0.0309	0.1056	0.0114	0.0157	0.0295	0.0183	0.0334	0.0107	0.0331	0.0428	0.0366	3.023	0.042
  G	0.0417	0.0286	0.1818	0.2252	0.0212	0	0.0288	0.0091	0.0117	0.0098	0.093	0.0121	0.0142	0.0263	0.1266	0.069	0.0096	0.0187	0.0382	0.0154	3.4589	0.06
  H	0.0148	0.021	0.019	0.0097	0.0168	0.0089	0	0.0071	0.0078	0.0135	0.0721	0.0391	0.02	0.1201	0.0429	0.0078	0.0079	0.0103	0.0306	0.1066	1.6248	0.0218
  I	0.0228	0.0334	0.0232	0.0162	0.0725	0.0139	0.0349	0	0.0226	0.14	1.1129	0.0274	0.0177	0.034	0.0556	0.0701	0.2371	0.7454	0.0493	0.0222	5.7306	0.0699
  K	0.0181	0.0275	0.0218	0.2542	0.0225	0.0139	0.0301	0.0176	0	0.0104	0.2188	0.1959	0.0164	0.1559	0.6885	0.0129	0.0848	0.0131	0.0405	0.0163	3.9566	0.0634
  L	0.0177	0.0267	0.0194	0.0126	0.0611	0.0112	0.0499	0.1047	0.01	0	0.2879	0.0104	0.0669	0.0378	0.0182	0.0445	0.0098	0.0612	0.051	0.019	3.7495	0.0702
  M	0.0195	0.0305	0.0216	0.0148	0.0254	0.0129	0.0324	0.1013	0.0256	0.0351	0	0.0121	0.0165	0.0341	0.035	0.0109	0.0202	0.062	0.0445	0.0185	1.0988	0.0239
  N	0.0216	0.0272	0.76	0.0155	0.0223	0.0137	0.1434	0.0203	0.187	0.0103	0.0983	0	0.0148	0.0303	0.0186	0.2156	0.055	0.013	0.0401	0.0259	3.8418	0.0527
  P	0.0455	0.0261	0.0175	0.0111	0.0192	0.01	0.0454	0.0082	0.0098	0.0413	0.0836	0.0092	0	0.043	0.0202	0.2349	0.0317	0.0115	0.0348	0.0139	2.7148	0.0378
  Q	0.0181	0.0274	0.0198	0.0209	0.0225	0.0116	0.171	0.0098	0.0578	0.0146	0.1079	0.0118	0.0269	0	0.0615	0.0119	0.0101	0.0131	0.0403	0.0163	2.4475	0.0301
  R	0.0195	0.0305	0.0216	0.0191	0.0253	0.1012	0.1109	0.0291	0.4635	0.0127	0.2016	0.0131	0.023	0.1116	0	0.051	0.0189	0.0143	0.0495	0.0183	3.7844	0.0471
  S	0.1953	0.0253	0.0223	0.0107	0.0595	0.071	0.0261	0.0472	0.0112	0.0401	0.081	0.1957	0.3431	0.0278	0.0656	0	0.0599	0.0123	0.0371	0.0432	3.0186	0.079
  T	0.5979	0.0247	0.0182	0.0116	0.0201	0.0104	0.0277	0.1691	0.0777	0.0094	0.1582	0.0528	0.0489	0.025	0.0257	0.0634	0	0.0203	0.0363	0.0146	3.3519	0.0615
  V	0.3453	0.0232	0.0276	0.0259	0.045	0.0147	0.0263	0.3845	0.0087	0.0422	0.3513	0.009	0.0129	0.0234	0.0141	0.0094	0.0147	0	0.034	0.015	2.7756	0.0407
  W	0.0179	0.0271	0.0196	0.0129	0.0222	0.0114	0.0297	0.0097	0.0102	0.0134	0.0959	0.0106	0.0148	0.0274	0.0185	0.0108	0.01	0.013	0	0.0161	1.8914	0.0312
  Y	0.0187	0.0317	0.0535	0.0137	0.0498	0.0121	0.2711	0.0114	0.0108	0.0131	0.1045	0.018	0.0156	0.0292	0.018	0.033	0.0105	0.015	0.0424	0	3.5138	0.0519
  *	0.0157	0.0215	0.0172	0.0159	0.0206	0.0136	0.0206	0.0148	0.0131	0.0129	0.0311	0.0133	0.0151	0.0218	0.0186	0.0115	0.0121	0.0139	0.0248	0.0176	0	0.0224
  -	0.0118	0.0097	0.0098	0.0112	0.0119	0.0098	0.0116	0.0075	0.0088	0.0101	0.0283	0.0076	0.0088	0.0112	0.0097	0.0126	0.0093	0.0085	0.0171	0.0108	0.9391	0

