Substitution rate (mu): 1.0

Equilibrium frequencies (pi_i):
  A: 0.03
  C: 0.0278
  D: 0.0314
  E: 0.0641
  F: 0.0376
  G: 0.067
  H: 0.02
  I: 0.0981
  K: 0.0765
  L: 0.0735
  M: 0.0089
  N: 0.0735
  P: 0.0449
  Q: 0.0286
  R: 0.0506
  S: 0.0671
  T: 0.0696
  V: 0.0504
  W: 0.0193
  Y: 0.0501
  *: 0.0003
  -: 0.0106

Symmetrized rates from j->i (W_ij):
	A	C	D	E	F	G	H	I	K	L	M	N	P	Q	R	S	T	V	W	Y	*	-
  A	0	0.6398	2.843	1.9992	0.5065	0.6889	0.7463	0.2332	0.2381	0.2425	2.1931	0.2962	0.9795	0.6376	0.3851	3.0207	8.5066	6.7897	0.9346	0.374	61.7779	1.1184
  C	0.6398	0	0.6976	0.461	0.7804	0.4364	1.0523	0.3404	0.3603	0.3637	3.4174	0.3727	0.5788	0.9652	0.5998	0.381	0.3546	0.4602	1.4072	0.6299	84.7938	0.9209
  D	2.843	0.6976	0	4.241	0.5576	2.7138	0.9547	0.2367	0.2864	0.2644	2.4266	10.6274	0.3907	0.6976	0.4256	0.3352	0.2614	0.5484	1.0208	1.0679	67.7311	0.9257
  E	1.9992	0.461	4.241	0	0.3785	3.5358	0.4951	0.1674	3.3608	0.1744	1.6854	0.215	0.2494	0.7448	0.4087	0.1638	0.1687	0.5226	0.6787	0.2769	62.8033	1.1025
  F	0.5065	0.7804	0.5576	0.3785	0	0.3223	0.8392	0.7367	0.2936	0.8572	2.8329	0.3036	0.423	0.7878	0.4941	0.8895	0.2861	0.8865	1.1476	1.0315	81.1425	1.1268
  G	0.6889	0.4364	2.7138	3.5358	0.3223	0	0.4362	0.1401	0.1635	0.1501	1.4261	0.1845	0.2175	0.3991	1.9053	1.0587	0.1464	0.2853	0.583	0.2363	53.618	0.8994
  H	0.7463	1.0523	0.9547	0.4951	0.8392	0.4362	0	0.3553	0.3931	0.679	3.6217	1.9955	1.0066	5.7822	2.2407	0.391	0.3958	0.5197	1.5371	5.2612	81.4422	1.0933
  I	0.2332	0.3404	0.2367	0.1674	0.7367	0.1401	0.3553	0	0.231	1.3892	11.3649	0.2652	0.1811	0.3454	0.5712	0.712	2.4	7.5554	0.5027	0.2271	58.227	0.7133
  K	0.2381	0.3603	0.2864	3.3608	0.2936	0.1635	0.3931	0.231	0	0.1362	2.8677	2.5427	0.2163	2.032	9.2336	0.168	1.1133	0.1718	0.5298	0.2151	51.6474	0.8307
  L	0.2425	0.3637	0.2644	0.1744	0.8572	0.1501	0.679	1.3892	0.1362	0	3.9286	0.141	0.9164	0.5124	0.2497	0.6027	0.1341	0.8188	0.695	0.2601	50.9516	0.9575
  M	2.1931	3.4174	2.4266	1.6854	2.8329	1.4261	3.6217	11.3649	2.8677	3.9286	0	1.347	1.8544	3.8029	3.9573	1.2215	2.2702	6.9643	4.9877	2.0788	122.6383	2.6783
  N	0.2962	0.3727	10.6274	0.215	0.3036	0.1845	1.9955	0.2652	2.5427	0.141	1.347	0	0.2036	0.4129	0.2567	2.9446	0.7547	0.1779	0.5481	0.356	52.552	0.7216
  P	0.9795	0.5788	0.3907	0.2494	0.423	0.2175	1.0066	0.1811	0.2163	0.9164	1.8544	0.2036	0	0.9493	0.453	5.2404	0.6861	0.2561	0.7713	0.3111	59.747	0.8369
  Q	0.6376	0.9652	0.6976	0.7448	0.7878	0.3991	5.7822	0.3454	2.032	0.5124	3.8029	0.4129	0.9493	0	2.0617	0.4163	0.3559	0.461	1.4169	0.5776	86.1861	1.0593
  R	0.3851	0.5998	0.4256	0.4087	0.4941	1.9053	2.2407	0.5712	9.2336	0.2497	3.9573	0.2567	0.453	2.0617	0	0.9772	0.3724	0.2823	0.9716	0.3612	73.3704	0.9203
  S	3.0207	0.381	0.3352	0.1638	0.8895	1.0587	0.391	0.712	0.168	0.6027	1.2215	2.9446	5.2404	0.4163	0.9772	0	0.9035	0.1857	0.5586	0.6541	45.493	1.1914
  T	8.5066	0.3546	0.2614	0.1687	0.2861	0.1464	0.3958	2.4	1.1133	0.1341	2.2702	0.7547	0.6861	0.3559	0.3724	0.9035	0	0.2917	0.5205	0.2101	47.7497	0.8806
  V	6.7897	0.4602	0.5484	0.5226	0.8865	0.2853	0.5197	7.5554	0.1718	0.8188	6.9643	0.1779	0.2561	0.461	0.2823	0.1857	0.2917	0	0.6746	0.2989	54.6702	0.8045
  W	0.9346	1.4072	1.0208	0.6787	1.1476	0.583	1.5371	0.5027	0.5298	0.695	4.9877	0.5481	0.7713	1.4169	0.9716	0.5586	0.5205	0.6746	0	0.8423	97.8884	1.6206
  Y	0.374	0.6299	1.0679	0.2769	1.0315	0.2363	5.2612	0.2271	0.2151	0.2601	2.0788	0.356	0.3111	0.5776	0.3612	0.6541	0.2101	0.2989	0.8423	0	69.2799	1.03
  *	61.7779	84.7938	67.7311	62.8033	81.1425	53.618	81.4422	58.227	51.6474	50.9516	122.6383	52.552	59.747	86.1861	73.3704	45.493	47.7497	54.6702	97.8884	69.2799	0	88.6093
  -	1.1184	0.9209	0.9257	1.1025	1.1268	0.8994	1.0933	0.7133	0.8307	0.9575	2.6783	0.7216	0.8369	1.0593	0.9203	1.1914	0.8806	0.8045	1.6206	1.03	88.6093	0

Actual rates from j->i (Q_ij):
	A	C	D	E	F	G	H	I	K	L	M	N	P	Q	R	S	T	V	W	Y	*	-
  A	0	0.0192	0.0852	0.0599	0.0152	0.0207	0.0224	0.007	0.0071	0.0073	0.0657	0.0089	0.0294	0.0191	0.0115	0.0906	0.255	0.2036	0.028	0.0112	1.8521	0.0335
  C	0.0178	0	0.0194	0.0128	0.0217	0.0122	0.0293	0.0095	0.01	0.0101	0.0951	0.0104	0.0161	0.0269	0.0167	0.0106	0.0099	0.0128	0.0392	0.0175	2.3609	0.0256
  D	0.0892	0.0219	0	0.1331	0.0175	0.0852	0.03	0.0074	0.009	0.0083	0.0762	0.3336	0.0123	0.0219	0.0134	0.0105	0.0082	0.0172	0.032	0.0335	2.126	0.0291
  E	0.1282	0.0296	0.272	0	0.0243	0.2268	0.0318	0.0107	0.2156	0.0112	0.1081	0.0138	0.016	0.0478	0.0262	0.0105	0.0108	0.0335	0.0435	0.0178	4.0286	0.0707
  F	0.019	0.0293	0.0209	0.0142	0	0.0121	0.0315	0.0277	0.011	0.0322	0.1064	0.0114	0.0159	0.0296	0.0186	0.0334	0.0107	0.0333	0.0431	0.0388	3.0485	0.0423
  G	0.0461	0.0292	0.1818	0.2368	0.0216	0	0.0292	0.0094	0.0109	0.0101	0.0955	0.0124	0.0146	0.0267	0.1276	0.0709	0.0098	0.0191	0.039	0.0158	3.591	0.0602
  H	0.0149	0.0211	0.0191	0.0099	0.0168	0.0087	0	0.0071	0.0079	0.0136	0.0725	0.04	0.0202	0.1158	0.0449	0.0078	0.0079	0.0104	0.0308	0.1054	1.6312	0.0219
  I	0.0229	0.0334	0.0232	0.0164	0.0723	0.0137	0.0349	0	0.0227	0.1363	1.1152	0.026	0.0178	0.0339	0.0561	0.0699	0.2355	0.7414	0.0493	0.0223	5.7135	0.07
  K	0.0182	0.0276	0.0219	0.2572	0.0225	0.0125	0.0301	0.0177	0	0.0104	0.2194	0.1946	0.0165	0.1555	0.7066	0.0129	0.0852	0.0131	0.0405	0.0165	3.9522	0.0636
  L	0.0178	0.0267	0.0194	0.0128	0.063	0.011	0.0499	0.1021	0.01	0	0.2889	0.0104	0.0674	0.0377	0.0184	0.0443	0.0099	0.0602	0.0511	0.0191	3.7466	0.0704
  M	0.0196	0.0305	0.0217	0.015	0.0253	0.0127	0.0323	0.1015	0.0256	0.0351	0	0.012	0.0166	0.034	0.0353	0.0109	0.0203	0.0622	0.0445	0.0186	1.095	0.0239
  N	0.0218	0.0274	0.7809	0.0158	0.0223	0.0136	0.1466	0.0195	0.1868	0.0104	0.099	0	0.015	0.0303	0.0189	0.2164	0.0555	0.0131	0.0403	0.0262	3.8615	0.053
  P	0.044	0.026	0.0175	0.0112	0.019	0.0098	0.0452	0.0081	0.0097	0.0411	0.0832	0.0091	0	0.0426	0.0203	0.2352	0.0308	0.0115	0.0346	0.014	2.6818	0.0376
  Q	0.0182	0.0276	0.02	0.0213	0.0225	0.0114	0.1655	0.0099	0.0581	0.0147	0.1088	0.0118	0.0272	0	0.059	0.0119	0.0102	0.0132	0.0405	0.0165	2.4662	0.0303
  R	0.0195	0.0304	0.0215	0.0207	0.025	0.0965	0.1134	0.0289	0.4675	0.0126	0.2004	0.013	0.0229	0.1044	0	0.0495	0.0189	0.0143	0.0492	0.0183	3.7147	0.0466
  S	0.2027	0.0256	0.0225	0.011	0.0597	0.071	0.0262	0.0478	0.0113	0.0404	0.082	0.1976	0.3517	0.0279	0.0656	0	0.0606	0.0125	0.0375	0.0439	3.0529	0.08
  T	0.592	0.0247	0.0182	0.0117	0.0199	0.0102	0.0275	0.167	0.0775	0.0093	0.158	0.0525	0.0477	0.0248	0.0259	0.0629	0	0.0203	0.0362	0.0146	3.323	0.0613
  V	0.3421	0.0232	0.0276	0.0263	0.0447	0.0144	0.0262	0.3807	0.0087	0.0413	0.3509	0.009	0.0129	0.0232	0.0142	0.0094	0.0147	0	0.034	0.0151	2.7549	0.0405
  W	0.018	0.0271	0.0197	0.0131	0.0221	0.0112	0.0296	0.0097	0.0102	0.0134	0.0962	0.0106	0.0149	0.0273	0.0187	0.0108	0.01	0.013	0	0.0162	1.8871	0.0312
  Y	0.0188	0.0316	0.0536	0.0139	0.0517	0.0119	0.2638	0.0114	0.0108	0.013	0.1042	0.0179	0.0156	0.029	0.0181	0.0328	0.0105	0.015	0.0422	0	3.4744	0.0517
  *	0.0157	0.0215	0.0172	0.0159	0.0206	0.0136	0.0207	0.0148	0.0131	0.0129	0.0311	0.0133	0.0152	0.0219	0.0186	0.0115	0.0121	0.0139	0.0248	0.0176	0	0.0225
  -	0.0118	0.0097	0.0098	0.0117	0.0119	0.0095	0.0116	0.0075	0.0088	0.0101	0.0283	0.0076	0.0089	0.0112	0.0097	0.0126	0.0093	0.0085	0.0171	0.0109	0.9372	0

