Substitution rate (mu): 1.0

Equilibrium frequencies (pi_i):
  A: 0.0475
  C: 0.0428
  D: 0.0473
  E: 0.0502
  F: 0.0437
  G: 0.0501
  H: 0.044
  I: 0.0513
  K: 0.0521
  L: 0.0516
  M: 0.0384
  N: 0.053
  P: 0.0485
  Q: 0.0427
  R: 0.0464
  S: 0.0526
  T: 0.0539
  V: 0.0503
  W: 0.0409
  Y: 0.046
  *: 0.0364
  -: 0.0103

Symmetrized rates from j->i (W_ij):
	A	C	D	E	F	G	H	I	K	L	M	N	P	Q	R	S	T	V	W	Y	*	-
  A	0	1.1257	0.9238	0.9124	1.0792	0.7496	1.0813	0.7861	0.7166	0.707	1.5605	0.6983	0.9082	1.1287	0.9641	0.73	0.708	0.7624	1.2789	0.937	1.7812	1.7812
  C	1.1257	0	1.2326	1.0978	1.4598	0.9736	1.466	1.0346	0.9308	0.9144	2.2314	0.9059	1.0838	1.5329	1.2916	0.8526	0.8265	0.9941	1.768	1.2459	2.6008	2.6008
  D	0.9238	1.2326	0	1.1667	1.1795	0.8048	1.1828	0.8484	0.7692	0.7576	1.747	1.2736	0.8906	1.2359	1.0489	0.7091	0.6875	0.8199	1.4112	1.0165	2.0126	2.0126
  E	0.9124	1.0978	1.1667	0	1.0516	1.0877	1.0538	0.7616	0.693	0.6834	1.5358	0.6751	0.8002	1.1007	0.9374	0.6408	0.6213	0.8117	1.2512	0.9103	1.7604	1.7604
  F	1.0792	1.4598	1.1795	1.0516	0	0.9349	1.4001	0.9917	0.8937	0.8785	2.1165	0.87	1.0393	1.4638	1.2354	0.9018	0.7947	1.0495	1.6845	1.1929	2.4603	2.4603
  G	0.7496	0.9736	0.8048	1.0877	0.9349	0	0.9359	0.6889	0.6315	0.6241	1.3226	0.6157	0.7243	0.9761	0.8385	0.6463	0.57	0.6707	1.0982	0.8175	1.4979	1.4979
  H	1.0813	1.466	1.1828	1.0538	1.4001	0.9359	0	0.9935	0.8946	0.8792	2.1337	0.9578	1.0412	1.764	1.3632	0.8201	0.7949	0.9554	1.6938	1.1961	2.4847	2.4847
  I	0.7861	1.0346	0.8484	0.7616	0.9917	0.6889	0.9935	0	0.7242	0.6497	1.4345	0.6415	0.7587	1.0373	0.8855	0.61	0.7098	1.0508	1.1755	0.8611	1.6384	1.6384
  K	0.7166	0.9308	0.7692	0.693	0.8937	0.6315	0.8946	0.7242	0	0.5967	1.3909	0.7063	0.6924	0.9332	1.2823	0.5618	0.5995	0.6412	1.0499	0.7815	1.4324	1.4324
  L	0.707	0.9144	0.7576	0.6834	0.8785	0.6241	0.8792	0.6497	0.5967	0	1.2342	0.5819	0.7517	0.9167	0.7889	0.6117	0.5395	0.6967	1.029	0.7699	1.3944	1.3944
  M	1.5605	2.2314	1.747	1.5358	2.1165	1.3226	2.1337	1.4345	1.3909	1.2342	0	1.2285	1.4964	2.2377	1.8429	1.1394	1.1036	1.3586	2.6622	1.7559	4.3543	4.3543
  N	0.6983	0.9059	1.2736	0.6751	0.87	0.6157	0.9578	0.6415	0.7063	0.5819	1.2285	0	0.6748	0.9083	0.7804	0.548	0.5848	0.6251	1.0212	0.7613	1.3908	1.3908
  P	0.9082	1.0838	0.8906	0.8002	1.0393	0.7243	1.0412	0.7587	0.6924	0.7517	1.4964	0.6748	0	1.0866	1.022	0.706	0.6848	0.7364	1.2295	0.9037	1.7055	1.7055
  Q	1.1287	1.5329	1.2359	1.1007	1.4638	0.9761	1.764	1.0373	0.9332	0.9167	2.2377	0.9083	1.0866	0	1.4246	0.8548	0.8286	0.9967	1.7729	1.2493	2.6083	2.6083
  R	0.9641	1.2916	1.0489	0.9374	1.2354	0.8385	1.3632	0.8855	1.2823	0.7889	1.8429	0.7804	1.022	1.4246	0	0.7378	0.7152	0.8547	1.4822	1.0623	2.1288	2.1288
  S	0.73	0.8526	0.7091	0.6408	0.9018	0.6463	0.8201	0.61	0.5618	0.6117	1.1394	0.548	0.706	0.8548	0.7378	0	0.5093	0.5958	0.9561	0.7933	1.2823	1.2823
  T	0.708	0.8265	0.6875	0.6213	0.7947	0.57	0.7949	0.7098	0.5995	0.5395	1.1036	0.5848	0.6848	0.8286	0.7152	0.5093	0	0.5779	0.9265	0.6993	1.2418	1.2418
  V	0.7624	0.9941	0.8199	0.8117	1.0495	0.6707	0.9554	1.0508	0.6412	0.6967	1.3586	0.6251	0.7364	0.9967	0.8547	0.5958	0.5779	0	1.1237	0.8326	1.5423	1.5423
  W	1.2789	1.768	1.4112	1.2512	1.6845	1.0982	1.6938	1.1755	1.0499	1.029	2.6622	1.0212	1.2295	1.7729	1.4822	0.9561	0.9265	1.1237	0	1.4237	3.1448	3.1448
  Y	0.937	1.2459	1.0165	0.9103	1.1929	0.8175	1.1961	0.8611	0.7815	0.7699	1.7559	0.7613	0.9037	1.2493	1.0623	0.7933	0.6993	0.8326	1.4237	0	2.0176	2.0176
  *	1.7812	2.6008	2.0126	1.7604	2.4603	1.4979	2.4847	1.6384	1.4324	1.3944	4.3543	1.3908	1.7055	2.6083	2.1288	1.2823	1.2418	1.5423	3.1448	2.0176	0	5.406
  -	1.7812	2.6008	2.0126	1.7604	2.4603	1.4979	2.4847	1.6384	1.4324	1.3944	4.3543	1.3908	1.7055	2.6083	2.1288	1.2823	1.2418	1.5423	3.1448	2.0176	5.406	0

Actual rates from j->i (Q_ij):
	A	C	D	E	F	G	H	I	K	L	M	N	P	Q	R	S	T	V	W	Y	*	-
  A	0	0.0535	0.0439	0.0434	0.0513	0.0356	0.0514	0.0374	0.0341	0.0336	0.0742	0.0332	0.0432	0.0537	0.0458	0.0347	0.0337	0.0362	0.0608	0.0445	0.0847	0.0847
  C	0.0481	0	0.0527	0.0469	0.0624	0.0416	0.0627	0.0442	0.0398	0.0391	0.0954	0.0387	0.0463	0.0655	0.0552	0.0365	0.0353	0.0425	0.0756	0.0533	0.1112	0.1112
  D	0.0437	0.0583	0	0.0552	0.0558	0.0381	0.056	0.0402	0.0364	0.0359	0.0827	0.0603	0.0422	0.0585	0.0496	0.0336	0.0325	0.0388	0.0668	0.0481	0.0953	0.0953
  E	0.0458	0.0551	0.0586	0	0.0528	0.0546	0.0529	0.0383	0.0348	0.0343	0.0771	0.0339	0.0402	0.0553	0.0471	0.0322	0.0312	0.0408	0.0628	0.0457	0.0884	0.0884
  F	0.0471	0.0638	0.0515	0.0459	0	0.0408	0.0612	0.0433	0.039	0.0384	0.0925	0.038	0.0454	0.0639	0.054	0.0394	0.0347	0.0458	0.0736	0.0521	0.1075	0.1075
  G	0.0375	0.0488	0.0403	0.0545	0.0468	0	0.0469	0.0345	0.0316	0.0313	0.0662	0.0308	0.0363	0.0489	0.042	0.0324	0.0285	0.0336	0.055	0.0409	0.075	0.075
  H	0.0476	0.0645	0.0521	0.0464	0.0616	0.0412	0	0.0437	0.0394	0.0387	0.0939	0.0422	0.0458	0.0776	0.06	0.0361	0.035	0.042	0.0745	0.0526	0.1094	0.1094
  I	0.0403	0.0531	0.0435	0.0391	0.0509	0.0354	0.051	0	0.0372	0.0333	0.0736	0.0329	0.0389	0.0532	0.0454	0.0313	0.0364	0.0539	0.0603	0.0442	0.0841	0.0841
  K	0.0374	0.0485	0.0401	0.0361	0.0466	0.0329	0.0467	0.0378	0	0.0311	0.0725	0.0368	0.0361	0.0487	0.0669	0.0293	0.0313	0.0334	0.0548	0.0408	0.0747	0.0747
  L	0.0365	0.0472	0.0391	0.0353	0.0453	0.0322	0.0454	0.0335	0.0308	0	0.0637	0.03	0.0388	0.0473	0.0407	0.0316	0.0278	0.0359	0.0531	0.0397	0.0719	0.0719
  M	0.0599	0.0857	0.0671	0.059	0.0813	0.0508	0.0819	0.0551	0.0534	0.0474	0	0.0472	0.0575	0.0859	0.0708	0.0438	0.0424	0.0522	0.1022	0.0674	0.1672	0.1672
  N	0.037	0.0481	0.0675	0.0358	0.0461	0.0327	0.0508	0.034	0.0375	0.0309	0.0652	0	0.0358	0.0482	0.0414	0.0291	0.031	0.0332	0.0542	0.0404	0.0738	0.0738
  P	0.044	0.0525	0.0432	0.0388	0.0504	0.0351	0.0505	0.0368	0.0336	0.0364	0.0725	0.0327	0	0.0527	0.0495	0.0342	0.0332	0.0357	0.0596	0.0438	0.0826	0.0826
  Q	0.0482	0.0654	0.0527	0.047	0.0625	0.0417	0.0753	0.0443	0.0398	0.0391	0.0955	0.0388	0.0464	0	0.0608	0.0365	0.0354	0.0425	0.0757	0.0533	0.1113	0.1113
  R	0.0447	0.0599	0.0487	0.0435	0.0573	0.0389	0.0632	0.0411	0.0595	0.0366	0.0855	0.0362	0.0474	0.0661	0	0.0342	0.0332	0.0396	0.0687	0.0493	0.0987	0.0987
  S	0.0384	0.0448	0.0373	0.0337	0.0474	0.034	0.0431	0.0321	0.0295	0.0322	0.0599	0.0288	0.0371	0.045	0.0388	0	0.0268	0.0313	0.0503	0.0417	0.0674	0.0674
  T	0.0382	0.0445	0.0371	0.0335	0.0428	0.0307	0.0428	0.0383	0.0323	0.0291	0.0595	0.0315	0.0369	0.0447	0.0386	0.0275	0	0.0312	0.0499	0.0377	0.0669	0.0669
  V	0.0384	0.05	0.0413	0.0409	0.0528	0.0338	0.0481	0.0529	0.0323	0.0351	0.0684	0.0315	0.0371	0.0502	0.043	0.03	0.0291	0	0.0566	0.0419	0.0776	0.0776
  W	0.0523	0.0723	0.0577	0.0511	0.0689	0.0449	0.0692	0.0481	0.0429	0.0421	0.1088	0.0417	0.0503	0.0725	0.0606	0.0391	0.0379	0.0459	0	0.0582	0.1286	0.1286
  Y	0.0431	0.0573	0.0468	0.0419	0.0549	0.0376	0.055	0.0396	0.036	0.0354	0.0808	0.035	0.0416	0.0575	0.0489	0.0365	0.0322	0.0383	0.0655	0	0.0928	0.0928
  *	0.0648	0.0946	0.0732	0.064	0.0895	0.0545	0.0904	0.0596	0.0521	0.0507	0.1584	0.0506	0.062	0.0949	0.0774	0.0466	0.0452	0.0561	0.1144	0.0734	0	0.1966
  -	0.0183	0.0267	0.0207	0.0181	0.0252	0.0154	0.0255	0.0168	0.0147	0.0143	0.0447	0.0143	0.0175	0.0268	0.0218	0.0132	0.0127	0.0158	0.0323	0.0207	0.0555	0

