Substitution rate (mu): 1.0

Equilibrium frequencies (pi_i):
  A: 0.0304
  C: 0.0278
  D: 0.032
  E: 0.066
  F: 0.0376
  G: 0.0639
  H: 0.0202
  I: 0.0986
  K: 0.0759
  L: 0.0739
  M: 0.0089
  N: 0.0746
  P: 0.0428
  Q: 0.0286
  R: 0.0513
  S: 0.0676
  T: 0.0692
  V: 0.0501
  W: 0.0193
  Y: 0.0502
  *: 0.0003
  -: 0.0106

Symmetrized rates from j->i (W_ij):
	A	C	D	E	F	G	H	I	K	L	M	N	P	Q	R	S	T	V	W	Y	*	-
  A	0	0.6352	2.8355	1.9762	0.5028	0.6499	0.7368	0.2309	0.2377	0.24	2.1772	0.2912	0.998	0.6332	0.3791	3.0069	8.4688	6.8183	0.9278	0.3712	62.1578	1.1137
  C	0.6352	0	0.6904	0.4528	0.7784	0.4455	1.047	0.3386	0.3611	0.3622	3.4079	0.3691	0.5894	0.9633	0.5942	0.379	0.3548	0.4604	1.4043	0.6284	85.333	0.9194
  D	2.8355	0.6904	0	4.0931	0.552	2.7579	0.9393	0.234	0.285	0.2609	2.4032	10.0545	0.3957	0.6907	0.4181	0.33	0.2592	0.5435	1.0103	1.0571	68.1652	0.9204
  E	1.9762	0.4528	4.0931	0	0.3721	3.542	0.4836	0.1646	3.2981	0.1709	1.6581	0.2097	0.2489	0.7319	0.3995	0.1602	0.1658	0.5133	0.6667	0.2721	63.2014	1.0333
  F	0.5028	0.7784	0.552	0.3721	0	0.328	0.8347	0.7328	0.2941	0.8532	2.8237	0.3007	0.4295	0.7858	0.4895	0.8847	0.2859	0.886	1.1446	1.0286	81.6579	1.1246
  G	0.6499	0.4455	2.7579	3.542	0.328	0	0.446	0.1417	0.198	0.1528	1.4486	0.1868	0.2273	0.4071	1.9488	1.0659	0.1501	0.2928	0.5948	0.2407	53.9467	0.9564
  H	0.7368	1.047	0.9393	0.4836	0.8347	0.446	0	0.3524	0.3932	0.6735	3.602	1.9269	1.0263	5.858	2.0843	0.3873	0.3949	0.5182	1.5292	5.2328	81.9571	1.0898
  I	0.2309	0.3386	0.234	0.1646	0.7328	0.1417	0.3524	0	0.2306	1.3795	11.1757	0.2623	0.1827	0.3436	0.5652	0.7183	2.4156	7.6517	0.5	0.2259	58.6089	0.7108
  K	0.2377	0.3611	0.285	3.2981	0.2941	0.198	0.3932	0.2306	0	0.1362	2.8698	2.5432	0.2212	2.1093	9.0478	0.168	1.079	0.1727	0.531	0.2155	51.978	0.8314
  L	0.24	0.3622	0.2609	0.1709	0.8532	0.1528	0.6735	1.3795	0.1362	0	3.9092	0.1393	0.9104	0.5102	0.2468	0.598	0.1339	0.8341	0.6919	0.2589	51.2764	0.9547
  M	2.1772	3.4079	2.4032	1.6581	2.8237	1.4486	3.602	11.1757	2.8698	3.9092	0	1.3343	1.8789	3.7923	3.9212	1.2148	2.2677	6.7942	4.9736	2.0721	123.4187	2.6723
  N	0.2912	0.3691	10.0545	0.2097	0.3007	0.1868	1.9269	0.2623	2.5432	0.1393	1.3343	0	0.2054	0.409	0.2526	2.9307	0.7622	0.1764	0.5428	0.3526	52.8832	0.7174
  P	0.998	0.5894	0.3957	0.2489	0.4295	0.2273	1.0263	0.1827	0.2212	0.9104	1.8789	0.2054	0	0.9658	0.4559	5.4309	0.7219	0.2623	0.7849	0.3161	60.1102	0.8439
  Q	0.6332	0.9633	0.6907	0.7319	0.7858	0.4071	5.858	0.3436	2.1093	0.5102	3.7923	0.409	0.9658	0	2.1026	0.4142	0.356	0.4611	1.4139	0.5762	86.7364	1.0576
  R	0.3791	0.5942	0.4181	0.3995	0.4895	1.9488	2.0843	0.5652	9.0478	0.2468	3.9212	0.2526	0.4559	2.1026	0	0.9645	0.3694	0.2799	0.9624	0.3578	73.8427	0.9149
  S	3.0069	0.379	0.33	0.1602	0.8847	1.0659	0.3873	0.7183	0.168	0.598	1.2148	2.9307	5.4309	0.4142	0.9645	0	0.9397	0.1851	0.5557	0.6913	45.7993	1.1879
  T	8.4688	0.3548	0.2592	0.1658	0.2859	0.1501	0.3949	2.4156	1.079	0.1339	2.2677	0.7622	0.7219	0.356	0.3694	0.9397	0	0.2927	0.5206	0.2101	48.041	0.8802
  V	6.8183	0.4604	0.5435	0.5133	0.886	0.2928	0.5182	7.6517	0.1727	0.8341	6.7942	0.1764	0.2623	0.4611	0.2799	0.1851	0.2927	0	0.6746	0.2988	55.0191	0.8041
  W	0.9278	1.4043	1.0103	0.6667	1.1446	0.5948	1.5292	0.5	0.531	0.6919	4.9736	0.5428	0.7849	1.4139	0.9624	0.5557	0.5206	0.6746	0	0.8401	98.5113	1.6178
  Y	0.3712	0.6284	1.0571	0.2721	1.0286	0.2407	5.2328	0.2259	0.2155	0.2589	2.0721	0.3526	0.3161	0.5762	0.3578	0.6913	0.2101	0.2988	0.8401	0	69.7245	1.0281
  *	62.1578	85.333	68.1652	63.2014	81.6579	53.9467	81.9571	58.6089	51.978	51.2764	123.4187	52.8832	60.1102	86.7364	73.8427	45.7993	48.041	55.0191	98.5113	69.7245	0	89.1737
  -	1.1137	0.9194	0.9204	1.0333	1.1246	0.9564	1.0898	0.7108	0.8314	0.9547	2.6723	0.7174	0.8439	1.0576	0.9149	1.1879	0.8802	0.8041	1.6178	1.0281	89.1737	0

Actual rates from j->i (Q_ij):
	A	C	D	E	F	G	H	I	K	L	M	N	P	Q	R	S	T	V	W	Y	*	-
  A	0	0.0193	0.0862	0.0601	0.0153	0.0198	0.0224	0.007	0.0072	0.0073	0.0662	0.0089	0.0303	0.0192	0.0115	0.0914	0.2575	0.2073	0.0282	0.0113	1.8897	0.0339
  C	0.0177	0	0.0192	0.0126	0.0217	0.0124	0.0291	0.0094	0.0101	0.0101	0.0949	0.0103	0.0164	0.0268	0.0165	0.0106	0.0099	0.0128	0.0391	0.0175	2.3756	0.0256
  D	0.0909	0.0221	0	0.1311	0.0177	0.0884	0.0301	0.0075	0.0091	0.0084	0.077	0.3222	0.0127	0.0221	0.0134	0.0106	0.0083	0.0174	0.0324	0.0339	2.1841	0.0295
  E	0.1305	0.0299	0.2702	0	0.0246	0.2338	0.0319	0.0109	0.2177	0.0113	0.1095	0.0138	0.0164	0.0483	0.0264	0.0106	0.0109	0.0339	0.044	0.018	4.1724	0.0682
  F	0.0189	0.0293	0.0208	0.014	0	0.0123	0.0314	0.0276	0.0111	0.0321	0.1062	0.0113	0.0162	0.0296	0.0184	0.0333	0.0108	0.0333	0.043	0.0387	3.0708	0.0423
  G	0.0415	0.0285	0.1763	0.2264	0.021	0	0.0285	0.0091	0.0127	0.0098	0.0926	0.0119	0.0145	0.026	0.1246	0.0681	0.0096	0.0187	0.038	0.0154	3.4486	0.0611
  H	0.0149	0.0211	0.019	0.0098	0.0168	0.009	0	0.0071	0.0079	0.0136	0.0727	0.0389	0.0207	0.1182	0.0421	0.0078	0.008	0.0105	0.0309	0.1056	1.6544	0.022
  I	0.0228	0.0334	0.0231	0.0162	0.0723	0.014	0.0348	0	0.0228	0.1361	1.1025	0.0259	0.018	0.0339	0.0558	0.0709	0.2383	0.7548	0.0493	0.0223	5.7816	0.0701
  K	0.018	0.0274	0.0216	0.2502	0.0223	0.015	0.0298	0.0175	0	0.0103	0.2177	0.193	0.0168	0.16	0.6865	0.0127	0.0819	0.0131	0.0403	0.0163	3.9435	0.0631
  L	0.0177	0.0268	0.0193	0.0126	0.063	0.0113	0.0498	0.1019	0.0101	0	0.2889	0.0103	0.0673	0.0377	0.0182	0.0442	0.0099	0.0616	0.0511	0.0191	3.7889	0.0705
  M	0.0195	0.0305	0.0215	0.0148	0.0253	0.013	0.0322	0.1	0.0257	0.035	0	0.0119	0.0168	0.0339	0.0351	0.0109	0.0203	0.0608	0.0445	0.0185	1.1038	0.0239
  N	0.0217	0.0275	0.75	0.0156	0.0224	0.0139	0.1437	0.0196	0.1897	0.0104	0.0995	0	0.0153	0.0305	0.0188	0.2186	0.0569	0.0132	0.0405	0.0263	3.945	0.0535
  P	0.0427	0.0252	0.0169	0.0107	0.0184	0.0097	0.044	0.0078	0.0095	0.039	0.0805	0.0088	0	0.0414	0.0195	0.2326	0.0309	0.0112	0.0336	0.0135	2.5746	0.0361
  Q	0.0181	0.0276	0.0198	0.0209	0.0225	0.0116	0.1676	0.0098	0.0604	0.0146	0.1085	0.0117	0.0276	0	0.0602	0.0119	0.0102	0.0132	0.0405	0.0165	2.4822	0.0303
  R	0.0195	0.0305	0.0215	0.0205	0.0251	0.1	0.107	0.029	0.4643	0.0127	0.2012	0.013	0.0234	0.1079	0	0.0495	0.019	0.0144	0.0494	0.0184	3.7891	0.0469
  S	0.2034	0.0256	0.0223	0.0108	0.0598	0.0721	0.0262	0.0486	0.0114	0.0404	0.0822	0.1982	0.3674	0.028	0.0652	0	0.0636	0.0125	0.0376	0.0468	3.098	0.0804
  T	0.586	0.0245	0.0179	0.0115	0.0198	0.0104	0.0273	0.1671	0.0747	0.0093	0.1569	0.0527	0.05	0.0246	0.0256	0.065	0	0.0203	0.036	0.0145	3.3241	0.0609
  V	0.3418	0.0231	0.0272	0.0257	0.0444	0.0147	0.026	0.3836	0.0087	0.0418	0.3406	0.0088	0.0132	0.0231	0.014	0.0093	0.0147	0	0.0338	0.015	2.7581	0.0403
  W	0.0179	0.0271	0.0195	0.0129	0.0221	0.0115	0.0295	0.0096	0.0102	0.0133	0.0959	0.0105	0.0151	0.0273	0.0186	0.0107	0.01	0.013	0	0.0162	1.8996	0.0312
  Y	0.0186	0.0315	0.0531	0.0137	0.0516	0.0121	0.2627	0.0113	0.0108	0.013	0.104	0.0177	0.0159	0.0289	0.018	0.0347	0.0105	0.015	0.0422	0	3.4999	0.0516
  *	0.0156	0.0215	0.0172	0.0159	0.0205	0.0136	0.0206	0.0147	0.0131	0.0129	0.0311	0.0133	0.0151	0.0218	0.0186	0.0115	0.0121	0.0138	0.0248	0.0175	0	0.0224
  -	0.0118	0.0097	0.0097	0.0109	0.0119	0.0101	0.0115	0.0075	0.0088	0.0101	0.0283	0.0076	0.0089	0.0112	0.0097	0.0126	0.0093	0.0085	0.0171	0.0109	0.9431	0

