Substitution rate (mu): 1.0

Equilibrium frequencies (pi_i):
  A: 0.0309
  C: 0.0278
  D: 0.0316
  E: 0.0656
  F: 0.0375
  G: 0.0652
  H: 0.0196
  I: 0.098
  K: 0.0774
  L: 0.0731
  M: 0.0088
  N: 0.0739
  P: 0.0447
  Q: 0.028
  R: 0.0509
  S: 0.067
  T: 0.0689
  V: 0.0504
  W: 0.0193
  Y: 0.0506
  *: 0.0003
  -: 0.0106

Symmetrized rates from j->i (W_ij):
	A	C	D	E	F	G	H	I	K	L	M	N	P	Q	R	S	T	V	W	Y	*	-
  A	0	0.6314	2.7857	2.0017	0.5004	0.6374	0.7416	0.231	0.2332	0.24	2.1872	0.2912	1.0027	0.6381	0.3791	2.9295	8.5511	6.7164	0.9226	0.3672	61.8291	1.11
  C	0.6314	0	0.6935	0.4538	0.7783	0.4407	1.0574	0.3397	0.3571	0.3637	3.4318	0.3706	0.5782	0.9731	0.5962	0.3802	0.3552	0.4589	1.4036	0.6253	84.8588	0.9185
  D	2.7857	0.6935	0	4.2186	0.5545	2.7664	0.9571	0.2357	0.2827	0.2635	2.4329	10.2607	0.389	0.7024	0.4216	0.3332	0.2611	0.5447	1.0149	1.0561	67.7842	0.9218
  E	2.0017	0.4538	4.2186	0	0.373	3.5371	0.4894	0.1654	3.3085	0.172	1.6728	0.2111	0.2455	0.7405	0.373	0.1611	0.1665	0.5135	0.6683	0.2716	62.862	1.0342
  F	0.5004	0.7783	0.5545	0.373	0	0.325	0.8426	0.7351	0.2912	0.8568	2.843	0.302	0.4225	0.7934	0.4912	0.8875	0.2864	0.884	1.1446	1.0243	81.2041	1.1239
  G	0.6374	0.4407	2.7664	3.5371	0.325	0	0.4451	0.1411	0.164	0.1519	1.4469	0.1857	0.2203	0.4073	2.038	1.0713	0.1486	0.2885	0.5886	0.2372	53.6523	0.9504
  H	0.7416	1.0574	0.9571	0.4894	0.8426	0.4451	0	0.3565	0.3919	0.6843	3.6629	1.9975	1.0146	6.0983	2.1117	0.3937	0.4002	0.5228	1.5444	5.068	81.5005	1.0944
  I	0.231	0.3397	0.2357	0.1654	0.7351	0.1411	0.3565	0	0.2295	1.4274	11.2736	0.264	0.1809	0.3475	0.5685	0.7227	2.4272	7.5706	0.5017	0.2258	58.2788	0.7117
  K	0.2332	0.3571	0.2827	3.3085	0.2912	0.164	0.3919	0.2295	0	0.1354	2.9948	2.5134	0.2145	1.963	9.0626	0.1665	1.1076	0.1702	0.5253	0.2124	51.6943	0.8259
  L	0.24	0.3637	0.2635	0.172	0.8568	0.1519	0.6843	1.4274	0.1354	0	3.9533	0.1405	0.9179	0.5178	0.2487	0.6031	0.1347	0.8361	0.6949	0.2587	50.9926	0.9562
  M	2.1872	3.4318	2.4329	1.6728	2.843	1.4469	3.6629	11.2736	2.9948	3.9533	0	1.349	1.8658	3.8522	3.959	1.2281	2.2889	6.9981	5.0081	2.0783	122.7228	2.6818
  N	0.2912	0.3706	10.2607	0.2111	0.302	0.1857	1.9975	0.264	2.5134	0.1405	1.349	0	0.2027	0.4149	0.2545	2.9415	0.7396	0.1768	0.5451	0.3524	52.5908	0.7186
  P	1.0027	0.5782	0.389	0.2455	0.4225	0.2203	1.0146	0.1809	0.2145	0.9179	1.8658	0.2027	0	0.9596	0.4506	5.2197	0.7084	0.2559	0.7705	0.3091	59.7899	0.8354
  Q	0.6381	0.9731	0.7024	0.7405	0.7934	0.4073	6.0983	0.3475	1.963	0.5178	3.8522	0.4149	0.9596	0	2.1901	0.4205	0.3606	0.4653	1.4281	0.5792	86.2511	1.0628
  R	0.3791	0.5962	0.4216	0.373	0.4912	2.038	2.1117	0.5685	9.0626	0.2487	3.959	0.2545	0.4506	2.1901	0	0.9923	0.3714	0.2804	0.9658	0.3576	73.4295	0.9162
  S	2.9295	0.3802	0.3332	0.1611	0.8875	1.0713	0.3937	0.7227	0.1665	0.6031	1.2281	2.9415	5.2197	0.4205	0.9923	0	0.9837	0.1853	0.5575	0.6695	45.5332	1.1887
  T	8.5511	0.3552	0.2611	0.1665	0.2864	0.1486	0.4002	2.4272	1.1076	0.1347	2.2889	0.7396	0.7084	0.3606	0.3714	0.9837	0	0.2752	0.5213	0.2093	47.7842	0.8803
  V	6.7164	0.4589	0.5447	0.5135	0.884	0.2885	0.5228	7.5706	0.1702	0.8361	6.9981	0.1768	0.2559	0.4653	0.2804	0.1853	0.2752	0	0.6727	0.2965	54.7157	0.8024
  W	0.9226	1.4036	1.0149	0.6683	1.1446	0.5886	1.5444	0.5017	0.5253	0.6949	5.0081	0.5451	0.7705	1.4281	0.9658	0.5575	0.5213	0.6727	0	0.8362	97.9617	1.6165
  Y	0.3672	0.6253	1.0561	0.2716	1.0243	0.2372	5.068	0.2258	0.2124	0.2587	2.0783	0.3524	0.3091	0.5792	0.3576	0.6695	0.2093	0.2965	0.8362	0	69.334	1.0246
  *	61.8291	84.8588	67.7842	62.862	81.2041	53.6523	81.5005	58.2788	51.6943	50.9926	122.7228	52.5908	59.7899	86.2511	73.4295	45.5332	47.7842	54.7157	97.9617	69.334	0	88.6769
  -	1.11	0.9185	0.9218	1.0342	1.1239	0.9504	1.0944	0.7117	0.8259	0.9562	2.6818	0.7186	0.8354	1.0628	0.9162	1.1887	0.8803	0.8024	1.6165	1.0246	88.6769	0

Actual rates from j->i (Q_ij):
	A	C	D	E	F	G	H	I	K	L	M	N	P	Q	R	S	T	V	W	Y	*	-
  A	0	0.0195	0.086	0.0618	0.0154	0.0197	0.0229	0.0071	0.0072	0.0074	0.0675	0.009	0.0309	0.0197	0.0117	0.0904	0.2639	0.2073	0.0285	0.0113	1.9082	0.0343
  C	0.0176	0	0.0193	0.0126	0.0217	0.0123	0.0294	0.0094	0.0099	0.0101	0.0955	0.0103	0.0161	0.0271	0.0166	0.0106	0.0099	0.0128	0.039	0.0174	2.3607	0.0256
  D	0.0881	0.0219	0	0.1334	0.0175	0.0875	0.0303	0.0075	0.0089	0.0083	0.0769	0.3244	0.0123	0.0222	0.0133	0.0105	0.0083	0.0172	0.0321	0.0334	2.1432	0.0291
  E	0.1314	0.0298	0.2769	0	0.0245	0.2322	0.0321	0.0109	0.2172	0.0113	0.1098	0.0139	0.0161	0.0486	0.0245	0.0106	0.0109	0.0337	0.0439	0.0178	4.1265	0.0679
  F	0.0188	0.0292	0.0208	0.014	0	0.0122	0.0316	0.0276	0.0109	0.0322	0.1067	0.0113	0.0159	0.0298	0.0184	0.0333	0.0108	0.0332	0.043	0.0385	3.0486	0.0422
  G	0.0416	0.0288	0.1805	0.2308	0.0212	0	0.029	0.0092	0.0107	0.0099	0.0944	0.0121	0.0144	0.0266	0.133	0.0699	0.0097	0.0188	0.0384	0.0155	3.5008	0.062
  H	0.0146	0.0208	0.0188	0.0096	0.0165	0.0087	0	0.007	0.0077	0.0134	0.0719	0.0392	0.0199	0.1197	0.0415	0.0077	0.0079	0.0103	0.0303	0.0995	1.5998	0.0215
  I	0.0226	0.0333	0.0231	0.0162	0.072	0.0138	0.0349	0	0.0225	0.1398	1.1044	0.0259	0.0177	0.034	0.0557	0.0708	0.2378	0.7417	0.0491	0.0221	5.7094	0.0697
  K	0.018	0.0276	0.0219	0.2561	0.0225	0.0127	0.0303	0.0178	0	0.0105	0.2318	0.1945	0.0166	0.1519	0.7014	0.0129	0.0857	0.0132	0.0407	0.0164	4.0008	0.0639
  L	0.0175	0.0266	0.0193	0.0126	0.0627	0.0111	0.05	0.1044	0.0099	0	0.2891	0.0103	0.0671	0.0379	0.0182	0.0441	0.0099	0.0611	0.0508	0.0189	3.7286	0.0699
  M	0.0193	0.0303	0.0214	0.0147	0.0251	0.0128	0.0323	0.0994	0.0264	0.0348	0	0.0119	0.0164	0.034	0.0349	0.0108	0.0202	0.0617	0.0441	0.0183	1.0818	0.0236
  N	0.0215	0.0274	0.7578	0.0156	0.0223	0.0137	0.1475	0.0195	0.1856	0.0104	0.0996	0	0.015	0.0306	0.0188	0.2172	0.0546	0.0131	0.0403	0.026	3.8841	0.0531
  P	0.0448	0.0258	0.0174	0.011	0.0189	0.0098	0.0453	0.0081	0.0096	0.041	0.0834	0.0091	0	0.0429	0.0201	0.2332	0.0317	0.0114	0.0344	0.0138	2.6717	0.0373
  Q	0.0179	0.0272	0.0197	0.0207	0.0222	0.0114	0.1708	0.0097	0.055	0.0145	0.1079	0.0116	0.0269	0	0.0613	0.0118	0.0101	0.013	0.04	0.0162	2.415	0.0298
  R	0.0193	0.0303	0.0215	0.019	0.025	0.1037	0.1075	0.0289	0.4613	0.0127	0.2015	0.013	0.0229	0.1115	0	0.0505	0.0189	0.0143	0.0492	0.0182	3.7379	0.0466
  S	0.1962	0.0255	0.0223	0.0108	0.0595	0.0718	0.0264	0.0484	0.0112	0.0404	0.0823	0.197	0.3497	0.0282	0.0665	0	0.0659	0.0124	0.0373	0.0449	3.0502	0.0796
  T	0.589	0.0245	0.018	0.0115	0.0197	0.0102	0.0276	0.1672	0.0763	0.0093	0.1577	0.0509	0.0488	0.0248	0.0256	0.0678	0	0.019	0.0359	0.0144	3.2915	0.0606
  V	0.3384	0.0231	0.0274	0.0259	0.0445	0.0145	0.0263	0.3814	0.0086	0.0421	0.3526	0.0089	0.0129	0.0234	0.0141	0.0093	0.0139	0	0.0339	0.0149	2.7565	0.0404
  W	0.0178	0.027	0.0195	0.0129	0.022	0.0113	0.0297	0.0097	0.0101	0.0134	0.0965	0.0105	0.0148	0.0275	0.0186	0.0107	0.01	0.013	0	0.0161	1.8868	0.0311
  Y	0.0186	0.0316	0.0534	0.0137	0.0518	0.012	0.2562	0.0114	0.0107	0.0131	0.1051	0.0178	0.0156	0.0293	0.0181	0.0338	0.0106	0.015	0.0423	0	3.5053	0.0518
  *	0.0156	0.0214	0.0171	0.0159	0.0205	0.0136	0.0206	0.0147	0.0131	0.0129	0.031	0.0133	0.0151	0.0218	0.0186	0.0115	0.0121	0.0138	0.0248	0.0175	0	0.0224
  -	0.0117	0.0097	0.0097	0.0109	0.0119	0.0101	0.0116	0.0075	0.0087	0.0101	0.0284	0.0076	0.0088	0.0112	0.0097	0.0126	0.0093	0.0085	0.0171	0.0108	0.9378	0

