Substitution rate (mu): 1.0

Equilibrium frequencies (pi_i):
  A: 0.0305
  C: 0.0278
  D: 0.032
  E: 0.0658
  F: 0.0375
  G: 0.0649
  H: 0.0196
  I: 0.0986
  K: 0.0751
  L: 0.0731
  M: 0.0087
  N: 0.0727
  P: 0.0446
  Q: 0.0288
  R: 0.0525
  S: 0.0664
  T: 0.0705
  V: 0.0503
  W: 0.0193
  Y: 0.0503
  *: 0.0003
  -: 0.0106

Symmetrized rates from j->i (W_ij):
	A	C	D	E	F	G	H	I	K	L	M	N	P	Q	R	S	T	V	W	Y	*	-
  A	0	0.6354	2.7891	1.9815	0.5036	0.6704	0.7479	0.2311	0.2393	0.2416	2.2161	0.2962	0.9751	0.6301	0.3732	2.9904	8.4922	6.8074	0.9283	0.371	61.9402	1.1152
  C	0.6354	0	0.6921	0.4545	0.7805	0.4429	1.0607	0.3393	0.3636	0.3647	3.4616	0.3748	0.5803	0.9611	0.5874	0.3827	0.3524	0.4607	1.4071	0.629	85.0217	0.9212
  D	2.7891	0.6921	0	4.1432	0.5539	2.856	0.9546	0.2345	0.2873	0.2631	2.4473	10.2895	0.3884	0.689	0.4127	0.3339	0.2572	0.544	1.0129	1.0586	67.9204	0.9226
  E	1.9815	0.4545	4.1432	0	0.3737	3.6068	0.4902	0.1651	3.3416	0.1723	1.6848	0.213	0.2461	0.7318	0.3678	0.1619	0.1652	0.5148	0.6692	0.2729	62.981	1.0366
  F	0.5036	0.7805	0.5539	0.3737	0	0.3266	0.8454	0.7346	0.2962	0.8595	2.867	0.3052	0.4241	0.7849	0.4848	0.8933	0.2845	0.8876	1.1477	1.0304	81.3597	1.1274
  G	0.6704	0.4429	2.856	3.6068	0.3266	0	0.4478	0.1412	0.1826	0.1527	1.4628	0.1882	0.2217	0.4031	1.9869	1.0816	0.1478	0.2905	0.5915	0.2392	53.7546	0.9545
  H	0.7479	1.0607	0.9546	0.4902	0.8454	0.4478	0	0.356	0.4006	0.6867	3.7004	2.0657	1.0192	5.7967	2.0749	0.397	0.3962	0.5253	1.549	5.2287	81.6592	1.098
  I	0.2311	0.3393	0.2345	0.1651	0.7346	0.1412	0.356	0	0.2319	1.4131	10.9337	0.2654	0.1808	0.3432	0.5603	0.7237	2.3927	7.5499	0.501	0.2262	58.3871	0.7121
  K	0.2393	0.3636	0.2873	3.3416	0.2962	0.1826	0.4006	0.2319	0	0.1379	2.9269	2.5935	0.219	2.0415	8.8725	0.1705	1.0908	0.1738	0.5346	0.2167	51.7863	0.8352
  L	0.2416	0.3647	0.2631	0.1723	0.8595	0.1527	0.6867	1.4131	0.1379	0	3.9891	0.1421	0.9216	0.5115	0.2451	0.6073	0.1337	0.8221	0.6968	0.2604	51.0875	0.9592
  M	2.2161	3.4616	2.4473	1.6848	2.867	1.4628	3.7004	10.9337	2.9269	3.9891	0	1.3704	1.8849	3.8367	3.9316	1.244	2.2898	7.0717	5.0501	2.1016	122.9626	2.6989
  N	0.2962	0.3748	10.2895	0.213	0.3052	0.1882	2.0657	0.2654	2.5935	0.1421	1.3704	0	0.2053	0.4133	0.2526	3.03	0.7406	0.1792	0.5509	0.3573	52.6862	0.7239
  P	0.9751	0.5803	0.3884	0.2461	0.4241	0.2217	1.0192	0.1808	0.219	0.9216	1.8849	0.2053	0	0.9471	0.4436	5.458	0.6831	0.2572	0.7732	0.3113	59.9054	0.8384
  Q	0.6301	0.9611	0.689	0.7318	0.7849	0.4031	5.7967	0.3432	2.0415	0.5115	3.8367	0.4133	0.9471	0	2.0128	0.4161	0.3521	0.4592	1.4108	0.5746	86.4139	1.0572
  R	0.3732	0.5874	0.4127	0.3678	0.4848	1.9869	2.0749	0.5603	8.8725	0.2451	3.9316	0.2526	0.4436	2.0128	0	0.9582	0.3622	0.276	0.9518	0.3538	73.5746	0.9097
  S	2.9904	0.3827	0.3339	0.1619	0.8933	1.0816	0.397	0.7237	0.1705	0.6073	1.244	3.03	5.458	0.4161	0.9582	0	0.8756	0.1869	0.561	0.6558	45.6192	1.1947
  T	8.4922	0.3524	0.2572	0.1652	0.2845	0.1478	0.3962	2.3927	1.0908	0.1337	2.2898	0.7406	0.6831	0.3521	0.3622	0.8756	0	0.307	0.5172	0.2086	47.8758	0.8781
  V	6.8074	0.4607	0.544	0.5148	0.8876	0.2905	0.5253	7.5499	0.1738	0.8221	7.0717	0.1792	0.2572	0.4592	0.276	0.1869	0.307	0	0.6752	0.2987	54.8203	0.8053
  W	0.9283	1.4071	1.0129	0.6692	1.1477	0.5915	1.549	0.501	0.5346	0.6968	5.0501	0.5509	0.7732	1.4108	0.9518	0.561	0.5172	0.6752	0	0.8411	98.1512	1.6211
  Y	0.371	0.629	1.0586	0.2729	1.0304	0.2392	5.2287	0.2262	0.2167	0.2604	2.1016	0.3573	0.3113	0.5746	0.3538	0.6558	0.2086	0.2987	0.8411	0	69.4661	1.0296
  *	61.9402	85.0217	67.9204	62.981	81.3597	53.7546	81.6592	58.3871	51.7863	51.0875	122.9626	52.6862	59.9054	86.4139	73.5746	45.6192	47.8758	54.8203	98.1512	69.4661	0	88.847
  -	1.1152	0.9212	0.9226	1.0366	1.1274	0.9545	1.098	0.7121	0.8352	0.9592	2.6989	0.7239	0.8384	1.0572	0.9097	1.1947	0.8781	0.8053	1.6211	1.0296	88.847	0

Actual rates from j->i (Q_ij):
	A	C	D	E	F	G	H	I	K	L	M	N	P	Q	R	S	T	V	W	Y	*	-
  A	0	0.0194	0.0852	0.0605	0.0154	0.0205	0.0228	0.0071	0.0073	0.0074	0.0677	0.009	0.0298	0.0192	0.0114	0.0913	0.2594	0.2079	0.0284	0.0113	1.8917	0.0341
  C	0.0177	0	0.0193	0.0126	0.0217	0.0123	0.0295	0.0094	0.0101	0.0102	0.0963	0.0104	0.0162	0.0267	0.0163	0.0107	0.0098	0.0128	0.0392	0.0175	2.3663	0.0256
  D	0.0892	0.0221	0	0.1326	0.0177	0.0914	0.0305	0.0075	0.0092	0.0084	0.0783	0.3292	0.0124	0.022	0.0132	0.0107	0.0082	0.0174	0.0324	0.0339	2.1731	0.0295
  E	0.1304	0.0299	0.2726	0	0.0246	0.2374	0.0323	0.0109	0.2199	0.0113	0.1109	0.014	0.0162	0.0482	0.0242	0.0107	0.0109	0.0339	0.044	0.018	4.1446	0.0682
  F	0.0189	0.0293	0.0208	0.014	0	0.0123	0.0317	0.0276	0.0111	0.0323	0.1076	0.0115	0.0159	0.0295	0.0182	0.0335	0.0107	0.0333	0.0431	0.0387	3.0542	0.0423
  G	0.0435	0.0288	0.1855	0.2343	0.0212	0	0.0291	0.0092	0.0119	0.0099	0.095	0.0122	0.0144	0.0262	0.129	0.0703	0.0096	0.0189	0.0384	0.0155	3.4913	0.062
  H	0.0147	0.0208	0.0187	0.0096	0.0166	0.0088	0	0.007	0.0079	0.0135	0.0726	0.0405	0.02	0.1137	0.0407	0.0078	0.0078	0.0103	0.0304	0.1026	1.6016	0.0215
  I	0.0228	0.0335	0.0231	0.0163	0.0724	0.0139	0.0351	0	0.0229	0.1393	1.0782	0.0262	0.0178	0.0338	0.0553	0.0714	0.2359	0.7445	0.0494	0.0223	5.7575	0.0702
  K	0.018	0.0273	0.0216	0.251	0.0222	0.0137	0.0301	0.0174	0	0.0104	0.2199	0.1948	0.0165	0.1534	0.6666	0.0128	0.082	0.0131	0.0402	0.0163	3.8905	0.0627
  L	0.0177	0.0267	0.0192	0.0126	0.0628	0.0112	0.0502	0.1033	0.0101	0	0.2916	0.0104	0.0674	0.0374	0.0179	0.0444	0.0098	0.0601	0.0509	0.019	3.7349	0.0701
  M	0.0193	0.0302	0.0214	0.0147	0.025	0.0128	0.0323	0.0954	0.0255	0.0348	0	0.012	0.0164	0.0335	0.0343	0.0109	0.02	0.0617	0.0441	0.0183	1.0727	0.0235
  N	0.0215	0.0272	0.7477	0.0155	0.0222	0.0137	0.1501	0.0193	0.1885	0.0103	0.0996	0	0.0149	0.03	0.0184	0.2202	0.0538	0.013	0.04	0.026	3.8285	0.0526
  P	0.0435	0.0259	0.0173	0.011	0.0189	0.0099	0.0455	0.0081	0.0098	0.0411	0.0841	0.0092	0	0.0422	0.0198	0.2434	0.0305	0.0115	0.0345	0.0139	2.672	0.0374
  Q	0.0182	0.0277	0.0199	0.0211	0.0226	0.0116	0.1672	0.0099	0.0589	0.0148	0.1107	0.0119	0.0273	0	0.0581	0.012	0.0102	0.0132	0.0407	0.0166	2.4922	0.0305
  R	0.0196	0.0308	0.0217	0.0193	0.0255	0.1043	0.109	0.0294	0.4659	0.0129	0.2065	0.0133	0.0233	0.1057	0	0.0503	0.019	0.0145	0.05	0.0186	3.8636	0.0478
  S	0.1985	0.0254	0.0222	0.0107	0.0593	0.0718	0.0264	0.048	0.0113	0.0403	0.0826	0.2012	0.3624	0.0276	0.0636	0	0.0581	0.0124	0.0372	0.0435	3.0286	0.0793
  T	0.5989	0.0249	0.0181	0.0116	0.0201	0.0104	0.0279	0.1687	0.0769	0.0094	0.1615	0.0522	0.0482	0.0248	0.0255	0.0618	0	0.0217	0.0365	0.0147	3.3763	0.0619
  V	0.3421	0.0232	0.0273	0.0259	0.0446	0.0146	0.0264	0.3794	0.0087	0.0413	0.3554	0.009	0.0129	0.0231	0.0139	0.0094	0.0154	0	0.0339	0.015	2.7552	0.0405
  W	0.0179	0.0271	0.0195	0.0129	0.0221	0.0114	0.0299	0.0097	0.0103	0.0134	0.0973	0.0106	0.0149	0.0272	0.0183	0.0108	0.01	0.013	0	0.0162	1.8918	0.0312
  Y	0.0186	0.0316	0.0532	0.0137	0.0518	0.012	0.2628	0.0114	0.0109	0.0131	0.1056	0.018	0.0156	0.0289	0.0178	0.033	0.0105	0.015	0.0423	0	3.4915	0.0517
  *	0.0157	0.0215	0.0172	0.0159	0.0206	0.0136	0.0207	0.0148	0.0131	0.0129	0.0311	0.0133	0.0152	0.0219	0.0186	0.0115	0.0121	0.0139	0.0248	0.0176	0	0.0225
  -	0.0118	0.0097	0.0098	0.011	0.0119	0.0101	0.0116	0.0075	0.0088	0.0101	0.0285	0.0077	0.0089	0.0112	0.0096	0.0126	0.0093	0.0085	0.0171	0.0109	0.9396	0

