Substitution rate (mu): 1.0

Equilibrium frequencies (pi_i):
  A: 0.0298
  C: 0.0278
  D: 0.0314
  E: 0.0649
  F: 0.0375
  G: 0.0655
  H: 0.0202
  I: 0.0988
  K: 0.0775
  L: 0.0732
  M: 0.0087
  N: 0.0729
  P: 0.0442
  Q: 0.0284
  R: 0.0513
  S: 0.0667
  T: 0.0705
  V: 0.0503
  W: 0.0193
  Y: 0.0502
  *: 0.0003
  -: 0.0106

Symmetrized rates from j->i (W_ij):
	A	C	D	E	F	G	H	I	K	L	M	N	P	Q	R	S	T	V	W	Y	*	-
  A	0	0.6382	2.7843	1.9759	0.5051	0.6426	0.7402	0.2311	0.2354	0.2424	2.2201	0.2965	1.0214	0.6388	0.3804	3.0698	8.6057	6.7787	0.9323	0.3724	61.4686	1.1148
  C	0.6382	0	0.6941	0.4558	0.7772	0.439	1.0434	0.3373	0.3563	0.3629	3.444	0.3724	0.5799	0.9646	0.5928	0.3802	0.3509	0.4586	1.4017	0.6267	84.3697	0.9174
  D	2.7843	0.6941	0	4.1852	0.5548	2.8776	0.9445	0.2343	0.2827	0.2636	2.4488	10.5582	0.3915	0.697	0.4198	0.3342	0.258	0.5459	1.0158	1.0614	67.3987	0.9217
  E	1.9759	0.4558	4.1852	0	0.3745	3.641	0.4871	0.1651	3.3035	0.1727	1.6863	0.2132	0.2477	0.7389	0.4017	0.1621	0.1657	0.5165	0.6713	0.2736	62.5044	1.0363
  F	0.5051	0.7772	0.5548	0.3745	0	0.3238	0.8326	0.7304	0.2906	0.8551	2.8517	0.3032	0.4235	0.787	0.4887	0.8875	0.2832	0.8833	1.143	1.0263	80.7377	1.1224
  G	0.6426	0.439	2.8776	3.641	0.3238	0	0.4378	0.1399	0.1781	0.1513	1.4496	0.1862	0.2204	0.4028	1.9976	1.0686	0.1464	0.2875	0.5864	0.2373	53.3498	0.948
  H	0.7402	1.0434	0.9445	0.4871	0.8326	0.4378	0	0.3507	0.3866	0.6747	3.6455	1.9456	1.0047	5.9677	2.1404	0.3884	0.3892	0.5152	1.5245	5.151	81.0421	1.0869
  I	0.2311	0.3373	0.2343	0.1651	0.7304	0.1399	0.3507	0	0.2278	1.4169	11.4999	0.2634	0.1802	0.3432	0.563	0.7181	2.3907	7.4402	0.4983	0.225	57.9515	0.7085
  K	0.2354	0.3563	0.2827	3.3035	0.2906	0.1781	0.3866	0.2278	0	0.135	2.8727	2.5364	0.2149	2.089	9.0951	0.1663	1.0676	0.1699	0.5242	0.2127	51.4018	0.8245
  L	0.2424	0.3629	0.2636	0.1727	0.8551	0.1513	0.6747	1.4169	0.135	0	3.9659	0.1411	0.9	0.513	0.2472	0.6027	0.133	0.8175	0.6935	0.2592	50.7046	0.9547
  M	2.2201	3.444	2.4488	1.6863	2.8517	1.4496	3.6455	11.4999	2.8727	3.9659	0	1.3607	1.8806	3.8417	3.9558	1.2352	2.278	7.0334	5.0249	2.0914	121.9687	2.6839
  N	0.2965	0.3724	10.5582	0.2132	0.3032	0.1862	1.9456	0.2634	2.5364	0.1411	1.3607	0	0.2046	0.4138	0.2544	2.962	0.7356	0.1779	0.5475	0.3552	52.2889	0.72
  P	1.0214	0.5799	0.3915	0.2477	0.4235	0.2204	1.0047	0.1802	0.2149	0.9	1.8806	0.2046	0	0.9545	0.4495	5.3443	0.7216	0.257	0.7727	0.3111	59.4517	0.8362
  Q	0.6388	0.9646	0.697	0.7389	0.787	0.4028	5.9677	0.3432	2.089	0.513	3.8417	0.4138	0.9545	0	2.1642	0.4171	0.3535	0.4612	1.416	0.5765	85.7457	1.0571
  R	0.3804	0.5928	0.4198	0.4017	0.4887	1.9976	2.1404	0.563	9.0951	0.2472	3.9558	0.2544	0.4495	2.1642	0	0.9875	0.3658	0.2789	0.9604	0.3568	73.0098	0.9128
  S	3.0698	0.3802	0.3342	0.1621	0.8875	1.0686	0.3884	0.7181	0.1663	0.6027	1.2352	2.962	5.3443	0.4171	0.9875	0	0.9079	0.1855	0.5575	0.6723	45.2812	1.1882
  T	8.6057	0.3509	0.258	0.1657	0.2832	0.1464	0.3892	2.3907	1.0676	0.133	2.278	0.7356	0.7216	0.3535	0.3658	0.9079	0	0.2716	0.5152	0.2078	47.5177	0.8743
  V	6.7787	0.4586	0.5459	0.5165	0.8833	0.2875	0.5152	7.4402	0.1699	0.8175	7.0334	0.1779	0.257	0.4612	0.2789	0.1855	0.2716	0	0.6722	0.2975	54.4077	0.8016
  W	0.9323	1.4017	1.0158	0.6713	1.143	0.5864	1.5245	0.4983	0.5242	0.6935	5.0249	0.5475	0.7727	1.416	0.9604	0.5575	0.5152	0.6722	0	0.8381	97.3927	1.6144
  Y	0.3724	0.6267	1.0614	0.2736	1.0263	0.2373	5.151	0.225	0.2127	0.2592	2.0914	0.3552	0.3111	0.5765	0.3568	0.6723	0.2078	0.2975	0.8381	0	68.9374	1.0254
  *	61.4686	84.3697	67.3987	62.5044	80.7377	53.3498	81.0421	57.9515	51.4018	50.7046	121.9687	52.2889	59.4517	85.7457	73.0098	45.2812	47.5177	54.4077	97.3927	68.9374	0	88.1641
  -	1.1148	0.9174	0.9217	1.0363	1.1224	0.948	1.0869	0.7085	0.8245	0.9547	2.6839	0.72	0.8362	1.0571	0.9128	1.1882	0.8743	0.8016	1.6144	1.0254	88.1641	0

Actual rates from j->i (Q_ij):
	A	C	D	E	F	G	H	I	K	L	M	N	P	Q	R	S	T	V	W	Y	*	-
  A	0	0.019	0.083	0.0589	0.0151	0.0192	0.0221	0.0069	0.007	0.0072	0.0662	0.0088	0.0304	0.019	0.0113	0.0915	0.2565	0.2021	0.0278	0.0111	1.8322	0.0332
  C	0.0177	0	0.0193	0.0127	0.0216	0.0122	0.029	0.0094	0.0099	0.0101	0.0958	0.0104	0.0161	0.0268	0.0165	0.0106	0.0098	0.0128	0.039	0.0174	2.346	0.0255
  D	0.0875	0.0218	0	0.1315	0.0174	0.0904	0.0297	0.0074	0.0089	0.0083	0.077	0.3318	0.0123	0.0219	0.0132	0.0105	0.0081	0.0172	0.0319	0.0334	2.1181	0.029
  E	0.1283	0.0296	0.2717	0	0.0243	0.2364	0.0316	0.0107	0.2144	0.0112	0.1095	0.0138	0.0161	0.048	0.0261	0.0105	0.0108	0.0335	0.0436	0.0178	4.0576	0.0673
  F	0.019	0.0292	0.0208	0.0141	0	0.0122	0.0312	0.0274	0.0109	0.0321	0.107	0.0114	0.0159	0.0295	0.0183	0.0333	0.0106	0.0331	0.0429	0.0385	3.0297	0.0421
  G	0.0421	0.0288	0.1886	0.2386	0.0212	0	0.0287	0.0092	0.0117	0.0099	0.095	0.0122	0.0144	0.0264	0.1309	0.07	0.0096	0.0188	0.0384	0.0156	3.4962	0.0621
  H	0.015	0.0211	0.0191	0.0099	0.0168	0.0089	0	0.0071	0.0078	0.0137	0.0738	0.0394	0.0203	0.1208	0.0433	0.0079	0.0079	0.0104	0.0308	0.1042	1.64	0.022
  I	0.0228	0.0333	0.0231	0.0163	0.0722	0.0138	0.0347	0	0.0225	0.14	1.1361	0.026	0.0178	0.0339	0.0556	0.0709	0.2362	0.735	0.0492	0.0222	5.7252	0.07
  K	0.0182	0.0276	0.0219	0.2559	0.0225	0.0138	0.03	0.0176	0	0.0105	0.2226	0.1965	0.0167	0.1618	0.7047	0.0129	0.0827	0.0132	0.0406	0.0165	3.9824	0.0639
  L	0.0177	0.0266	0.0193	0.0126	0.0626	0.0111	0.0494	0.1037	0.0099	0	0.2902	0.0103	0.0659	0.0375	0.0181	0.0441	0.0097	0.0598	0.0507	0.019	3.7105	0.0699
  M	0.0194	0.03	0.0214	0.0147	0.0249	0.0126	0.0318	0.1003	0.025	0.0346	0	0.0119	0.0164	0.0335	0.0345	0.0108	0.0199	0.0613	0.0438	0.0182	1.0636	0.0234
  N	0.0216	0.0272	0.7701	0.0155	0.0221	0.0136	0.1419	0.0192	0.185	0.0103	0.0993	0	0.0149	0.0302	0.0186	0.2161	0.0537	0.013	0.0399	0.0259	3.814	0.0525
  P	0.0452	0.0256	0.0173	0.011	0.0187	0.0097	0.0444	0.008	0.0095	0.0398	0.0832	0.009	0	0.0422	0.0199	0.2364	0.0319	0.0114	0.0342	0.0138	2.6294	0.037
  Q	0.0181	0.0274	0.0198	0.021	0.0223	0.0114	0.1694	0.0097	0.0593	0.0146	0.109	0.0117	0.0271	0	0.0614	0.0118	0.01	0.0131	0.0402	0.0164	2.4337	0.03
  R	0.0195	0.0304	0.0215	0.0206	0.025	0.1024	0.1097	0.0289	0.4662	0.0127	0.2028	0.013	0.023	0.1109	0	0.0506	0.0188	0.0143	0.0492	0.0183	3.7427	0.0468
  S	0.2049	0.0254	0.0223	0.0108	0.0592	0.0713	0.0259	0.0479	0.0111	0.0402	0.0824	0.1977	0.3566	0.0278	0.0659	0	0.0606	0.0124	0.0372	0.0449	3.0217	0.0793
  T	0.6066	0.0247	0.0182	0.0117	0.02	0.0103	0.0274	0.1685	0.0753	0.0094	0.1606	0.0519	0.0509	0.0249	0.0258	0.064	0	0.0191	0.0363	0.0146	3.3495	0.0616
  V	0.3408	0.0231	0.0274	0.026	0.0444	0.0145	0.0259	0.3741	0.0085	0.0411	0.3536	0.0089	0.0129	0.0232	0.014	0.0093	0.0137	0	0.0338	0.015	2.7355	0.0403
  W	0.0179	0.027	0.0196	0.0129	0.022	0.0113	0.0293	0.0096	0.0101	0.0134	0.0967	0.0105	0.0149	0.0273	0.0185	0.0107	0.0099	0.0129	0	0.0161	1.8749	0.0311
  Y	0.0187	0.0315	0.0533	0.0137	0.0515	0.0119	0.2585	0.0113	0.0107	0.013	0.105	0.0178	0.0156	0.0289	0.0179	0.0337	0.0104	0.0149	0.0421	0	3.4597	0.0515
  *	0.0156	0.0214	0.0171	0.0158	0.0205	0.0135	0.0206	0.0147	0.013	0.0129	0.0309	0.0133	0.0151	0.0217	0.0185	0.0115	0.012	0.0138	0.0247	0.0175	0	0.0224
  -	0.0118	0.0097	0.0097	0.011	0.0119	0.01	0.0115	0.0075	0.0087	0.0101	0.0284	0.0076	0.0088	0.0112	0.0097	0.0126	0.0092	0.0085	0.0171	0.0108	0.9324	0

