Substitution rate (mu): 1.0

Equilibrium frequencies (pi_i):
  A: 0.0308
  C: 0.0278
  D: 0.0316
  E: 0.0656
  F: 0.0375
  G: 0.0651
  H: 0.0196
  I: 0.098
  K: 0.0774
  L: 0.0731
  M: 0.0088
  N: 0.0738
  P: 0.045
  Q: 0.0281
  R: 0.0509
  S: 0.0668
  T: 0.069
  V: 0.0504
  W: 0.0193
  Y: 0.0506
  *: 0.0003
  -: 0.0106

Symmetrized rates from j->i (W_ij):
	A	C	D	E	F	G	H	I	K	L	M	N	P	Q	R	S	T	V	W	Y	*	-
  A	0	0.6322	2.7915	2.0052	0.5011	0.6394	0.7427	0.2312	0.2335	0.2403	2.1897	0.2917	0.9998	0.6371	0.3796	2.9402	8.4834	6.7294	0.9238	0.3677	61.847	1.111
  C	0.6322	0	0.6939	0.4541	0.7786	0.4414	1.0575	0.3398	0.3572	0.3637	3.4326	0.3709	0.5764	0.9711	0.5965	0.3809	0.355	0.4592	1.404	0.6255	84.8845	0.9189
  D	2.7915	0.6939	0	4.223	0.5549	2.7725	0.9575	0.2358	0.2829	0.2637	2.4342	10.2715	0.3877	0.7009	0.4219	0.334	0.261	0.5453	1.0155	1.0568	67.8044	0.9224
  E	2.0052	0.4541	4.223	0	0.3733	3.5437	0.4897	0.1655	3.3108	0.1721	1.6738	0.2113	0.245	0.7395	0.3733	0.1614	0.1665	0.514	0.6688	0.2718	62.8799	1.0349
  F	0.5011	0.7786	0.5549	0.3733	0	0.3255	0.8428	0.7354	0.2914	0.8571	2.8441	0.3022	0.4214	0.7921	0.4915	0.8891	0.2863	0.8846	1.145	1.0248	81.2286	1.1244
  G	0.6394	0.4414	2.7725	3.5437	0.3255	0	0.4458	0.1413	0.1642	0.1522	1.4489	0.1861	0.2199	0.407	2.0661	1.075	0.1488	0.2891	0.5895	0.2376	53.668	0.9515
  H	0.7427	1.0575	0.9575	0.4897	0.8428	0.4458	0	0.3565	0.392	0.6843	3.6633	1.9987	1.0104	6.0821	2.1124	0.3945	0.3998	0.523	1.5446	5.069	81.5252	1.0948
  I	0.2312	0.3398	0.2358	0.1655	0.7354	0.1413	0.3565	0	0.2296	1.4278	11.2772	0.2642	0.1806	0.347	0.5688	0.7238	2.4267	7.5747	0.5018	0.2259	58.2964	0.712
  K	0.2335	0.3572	0.2829	3.3108	0.2914	0.1642	0.392	0.2296	0	0.1354	2.9957	2.5151	0.2139	1.9593	9.0671	0.1668	1.1071	0.1702	0.5255	0.2124	51.7099	0.8263
  L	0.2403	0.3637	0.2637	0.1721	0.8571	0.1522	0.6843	1.4278	0.1354	0	3.954	0.1406	0.915	0.5167	0.2488	0.6041	0.1346	0.8365	0.695	0.2588	51.0077	0.9566
  M	2.1897	3.4326	2.4342	1.6738	2.8441	1.4489	3.6633	11.2772	2.9957	3.954	0	1.3498	1.8612	3.8459	3.9607	1.23	2.288	7.0014	5.0093	2.079	122.7609	2.6828
  N	0.2917	0.3709	10.2715	0.2113	0.3022	0.1861	1.9987	0.2642	2.5151	0.1406	1.3498	0	0.2022	0.4143	0.2547	2.9481	0.7396	0.177	0.5454	0.3526	52.6058	0.719
  P	0.9998	0.5764	0.3877	0.245	0.4214	0.2199	1.0104	0.1806	0.2139	0.915	1.8612	0.2022	0	0.9544	0.4496	5.2295	0.7054	0.255	0.7682	0.3082	59.8087	0.8344
  Q	0.6371	0.9711	0.7009	0.7395	0.7921	0.407	6.0821	0.347	1.9593	0.5167	3.8459	0.4143	0.9544	0	2.126	0.4202	0.3595	0.4644	1.4253	0.5782	86.2766	1.0619
  R	0.3796	0.5965	0.4219	0.3733	0.4915	2.0661	2.1124	0.5688	9.0671	0.2488	3.9607	0.2547	0.4496	2.126	0	0.9941	0.3713	0.2806	0.9662	0.3578	73.4519	0.9166
  S	2.9402	0.3809	0.334	0.1614	0.8891	1.075	0.3945	0.7238	0.1668	0.6041	1.23	2.9481	5.2295	0.4202	0.9941	0	0.9848	0.1857	0.5585	0.6707	45.5466	1.1902
  T	8.4834	0.355	0.261	0.1665	0.2863	0.1488	0.3998	2.4267	1.1071	0.1346	2.288	0.7396	0.7054	0.3595	0.3713	0.9848	0	0.2751	0.5211	0.2092	47.7983	0.8803
  V	6.7294	0.4592	0.5453	0.514	0.8846	0.2891	0.523	7.5747	0.1702	0.8365	7.0014	0.177	0.255	0.4644	0.2806	0.1857	0.2751	0	0.6731	0.2966	54.7316	0.8028
  W	0.9238	1.404	1.0155	0.6688	1.145	0.5895	1.5446	0.5018	0.5255	0.695	5.0093	0.5454	0.7682	1.4253	0.9662	0.5585	0.5211	0.6731	0	0.8365	97.9917	1.6171
  Y	0.3677	0.6255	1.0568	0.2718	1.0248	0.2376	5.069	0.2259	0.2124	0.2588	2.079	0.3526	0.3082	0.5782	0.3578	0.6707	0.2092	0.2966	0.8365	0	69.3547	1.0251
  *	61.847	84.8845	67.8044	62.8799	81.2286	53.668	81.5252	58.2964	51.7099	51.0077	122.7609	52.6058	59.8087	86.2766	73.4519	45.5466	47.7983	54.7316	97.9917	69.3547	0	88.7038
  -	1.111	0.9189	0.9224	1.0349	1.1244	0.9515	1.0948	0.712	0.8263	0.9566	2.6828	0.719	0.8344	1.0619	0.9166	1.1902	0.8803	0.8028	1.6171	1.0251	88.7038	0

Actual rates from j->i (Q_ij):
	A	C	D	E	F	G	H	I	K	L	M	N	P	Q	R	S	T	V	W	Y	*	-
  A	0	0.0195	0.0859	0.0617	0.0154	0.0197	0.0229	0.0071	0.0072	0.0074	0.0674	0.009	0.0308	0.0196	0.0117	0.0905	0.261	0.2071	0.0284	0.0113	1.9031	0.0342
  C	0.0176	0	0.0193	0.0126	0.0217	0.0123	0.0294	0.0095	0.0099	0.0101	0.0955	0.0103	0.016	0.027	0.0166	0.0106	0.0099	0.0128	0.0391	0.0174	2.3618	0.0256
  D	0.0882	0.0219	0	0.1334	0.0175	0.0876	0.0303	0.0075	0.0089	0.0083	0.0769	0.3245	0.0122	0.0221	0.0133	0.0106	0.0082	0.0172	0.0321	0.0334	2.1424	0.0291
  E	0.1315	0.0298	0.277	0	0.0245	0.2325	0.0321	0.0109	0.2172	0.0113	0.1098	0.0139	0.0161	0.0485	0.0245	0.0106	0.0109	0.0337	0.0439	0.0178	4.1251	0.0679
  F	0.0188	0.0292	0.0208	0.014	0	0.0122	0.0316	0.0276	0.0109	0.0322	0.1068	0.0113	0.0158	0.0297	0.0185	0.0334	0.0107	0.0332	0.043	0.0385	3.0492	0.0422
  G	0.0416	0.0287	0.1804	0.2306	0.0212	0	0.029	0.0092	0.0107	0.0099	0.0943	0.0121	0.0143	0.0265	0.1345	0.07	0.0097	0.0188	0.0384	0.0155	3.4926	0.0619
  H	0.0146	0.0208	0.0188	0.0096	0.0166	0.0088	0	0.007	0.0077	0.0134	0.072	0.0393	0.0198	0.1195	0.0415	0.0077	0.0079	0.0103	0.0303	0.0996	1.6013	0.0215
  I	0.0227	0.0333	0.0231	0.0162	0.072	0.0138	0.0349	0	0.0225	0.1399	1.1048	0.0259	0.0177	0.034	0.0557	0.0709	0.2377	0.7421	0.0492	0.0221	5.7111	0.0698
  K	0.0181	0.0276	0.0219	0.2562	0.0225	0.0127	0.0303	0.0178	0	0.0105	0.2319	0.1947	0.0166	0.1516	0.7018	0.0129	0.0857	0.0132	0.0407	0.0164	4.0022	0.064
  L	0.0176	0.0266	0.0193	0.0126	0.0627	0.0111	0.0501	0.1044	0.0099	0	0.2892	0.0103	0.0669	0.0378	0.0182	0.0442	0.0098	0.0612	0.0508	0.0189	3.7308	0.07
  M	0.0193	0.0303	0.0215	0.0148	0.0251	0.0128	0.0323	0.0994	0.0264	0.0349	0	0.0119	0.0164	0.0339	0.0349	0.0108	0.0202	0.0617	0.0442	0.0183	1.0823	0.0237
  N	0.0215	0.0274	0.7581	0.0156	0.0223	0.0137	0.1475	0.0195	0.1856	0.0104	0.0996	0	0.0149	0.0306	0.0188	0.2176	0.0546	0.0131	0.0403	0.026	3.8828	0.0531
  P	0.045	0.026	0.0175	0.011	0.019	0.0099	0.0455	0.0081	0.0096	0.0412	0.0838	0.0091	0	0.043	0.0202	0.2355	0.0318	0.0115	0.0346	0.0139	2.6934	0.0376
  Q	0.0179	0.0273	0.0197	0.0208	0.0223	0.0114	0.1711	0.0098	0.0551	0.0145	0.1082	0.0117	0.0268	0	0.0598	0.0118	0.0101	0.0131	0.0401	0.0163	2.4268	0.0299
  R	0.0193	0.0304	0.0215	0.019	0.025	0.1052	0.1075	0.0289	0.4615	0.0127	0.2016	0.013	0.0229	0.1082	0	0.0506	0.0189	0.0143	0.0492	0.0182	3.7383	0.0467
  S	0.1963	0.0254	0.0223	0.0108	0.0593	0.0718	0.0263	0.0483	0.0111	0.0403	0.0821	0.1968	0.3491	0.028	0.0664	0	0.0657	0.0124	0.0373	0.0448	3.0403	0.0794
  T	0.5854	0.0245	0.018	0.0115	0.0198	0.0103	0.0276	0.1675	0.0764	0.0093	0.1579	0.051	0.0487	0.0248	0.0256	0.068	0	0.019	0.036	0.0144	3.2985	0.0607
  V	0.3388	0.0231	0.0275	0.0259	0.0445	0.0146	0.0263	0.3814	0.0086	0.0421	0.3525	0.0089	0.0128	0.0234	0.0141	0.0094	0.0139	0	0.0339	0.0149	2.7559	0.0404
  W	0.0178	0.027	0.0196	0.0129	0.0221	0.0114	0.0298	0.0097	0.0101	0.0134	0.0965	0.0105	0.0148	0.0275	0.0186	0.0108	0.01	0.013	0	0.0161	1.8876	0.0312
  Y	0.0186	0.0316	0.0534	0.0137	0.0518	0.012	0.2563	0.0114	0.0107	0.0131	0.1051	0.0178	0.0156	0.0292	0.0181	0.0339	0.0106	0.015	0.0423	0	3.5062	0.0518
  *	0.0156	0.0214	0.0171	0.0159	0.0205	0.0136	0.0206	0.0147	0.0131	0.0129	0.031	0.0133	0.0151	0.0218	0.0186	0.0115	0.0121	0.0138	0.0248	0.0175	0	0.0224
  -	0.0117	0.0097	0.0098	0.0109	0.0119	0.0101	0.0116	0.0075	0.0087	0.0101	0.0284	0.0076	0.0088	0.0112	0.0097	0.0126	0.0093	0.0085	0.0171	0.0108	0.9381	0

