Substitution rate (mu): 1.0

Equilibrium frequencies (pi_i):
  A: 0.0308
  C: 0.0278
  D: 0.0316
  E: 0.0656
  F: 0.0375
  G: 0.0651
  H: 0.0196
  I: 0.098
  K: 0.0774
  L: 0.0731
  M: 0.0088
  N: 0.0738
  P: 0.0449
  Q: 0.028
  R: 0.051
  S: 0.0668
  T: 0.069
  V: 0.0504
  W: 0.0193
  Y: 0.0506
  *: 0.0003
  -: 0.0106

Symmetrized rates from j->i (W_ij):
	A	C	D	E	F	G	H	I	K	L	M	N	P	Q	R	S	T	V	W	Y	*	-
  A	0	0.6319	2.7896	2.004	0.5008	0.6389	0.7424	0.2311	0.2333	0.2402	2.1883	0.2915	1.0008	0.6385	0.3789	2.9365	8.5277	6.7248	0.9233	0.3675	61.7106	1.1105
  C	0.6319	0	0.6937	0.4539	0.7784	0.4412	1.0574	0.3397	0.357	0.3636	3.4311	0.3707	0.5769	0.9729	0.5956	0.3806	0.355	0.459	1.4036	0.6253	84.6934	0.9186
  D	2.7896	0.6937	0	4.2211	0.5547	2.7709	0.9574	0.2357	0.2827	0.2636	2.433	10.2657	0.3881	0.7024	0.4212	0.3337	0.261	0.545	1.0152	1.0564	67.6534	0.9221
  E	2.004	0.4539	4.2211	0	0.3732	3.5418	0.4896	0.1654	3.3088	0.1721	1.673	0.2112	0.2451	0.7406	0.3728	0.1613	0.1664	0.5138	0.6685	0.2717	62.7405	1.0345
  F	0.5008	0.7784	0.5547	0.3732	0	0.3253	0.8426	0.7352	0.2912	0.8568	2.8427	0.3021	0.4217	0.7933	0.4908	0.8884	0.2862	0.8842	1.1447	1.0245	81.0459	1.124
  G	0.6389	0.4412	2.7709	3.5418	0.3253	0	0.4457	0.1412	0.1641	0.1521	1.4481	0.1859	0.2201	0.4076	2.0626	1.0739	0.1487	0.289	0.5892	0.2375	53.5478	0.951
  H	0.7424	1.0574	0.9574	0.4896	0.8426	0.4457	0	0.3565	0.3918	0.6843	3.6621	1.998	1.0118	6.0967	2.109	0.3942	0.3998	0.5229	1.5443	5.0683	81.3427	1.0945
  I	0.2311	0.3397	0.2357	0.1654	0.7352	0.1412	0.3565	0	0.2295	1.4274	11.2722	0.2641	0.1806	0.3474	0.568	0.7233	2.4261	7.5719	0.5017	0.2258	58.1664	0.7118
  K	0.2333	0.357	0.2827	3.3088	0.2912	0.1641	0.3918	0.2295	0	0.1353	2.9937	2.5132	0.214	1.9622	9.0514	0.1666	1.1065	0.1701	0.5252	0.2123	51.5945	0.8259
  L	0.2402	0.3636	0.2636	0.1721	0.8568	0.1521	0.6843	1.4274	0.1353	0	3.9524	0.1405	0.9158	0.5176	0.2484	0.6037	0.1346	0.8362	0.6948	0.2587	50.893	0.9563
  M	2.1883	3.4311	2.433	1.673	2.8427	1.4481	3.6621	11.2722	2.9937	3.9524	0	1.349	1.8621	3.8508	3.9548	1.229	2.2872	6.998	5.007	2.078	122.4811	2.6815
  N	0.2915	0.3707	10.2657	0.2112	0.3021	0.1859	1.998	0.2641	2.5132	0.1405	1.349	0	0.2023	0.4149	0.2543	2.9452	0.7393	0.1769	0.5452	0.3525	52.4866	0.7187
  P	1.0008	0.5769	0.3881	0.2451	0.4217	0.2201	1.0118	0.1806	0.214	0.9158	1.8621	0.2023	0	0.9574	0.4493	5.2127	0.7062	0.2553	0.7689	0.3085	59.6745	0.8345
  Q	0.6385	0.9729	0.7024	0.7406	0.7933	0.4076	6.0967	0.3474	1.9622	0.5176	3.8508	0.4149	0.9574	0	2.1875	0.4208	0.3603	0.4653	1.4278	0.5791	86.0807	1.0627
  R	0.3789	0.5956	0.4212	0.3728	0.4908	2.0626	2.109	0.568	9.0514	0.2484	3.9548	0.2543	0.4493	2.1875	0	0.992	0.3707	0.2802	0.9648	0.3573	73.2876	0.9157
  S	2.9365	0.3806	0.3337	0.1613	0.8884	1.0739	0.3942	0.7233	0.1666	0.6037	1.229	2.9452	5.2127	0.4208	0.992	0	0.984	0.1856	0.558	0.6702	45.4447	1.1894
  T	8.5277	0.355	0.261	0.1664	0.2862	0.1487	0.3998	2.4261	1.1065	0.1346	2.2872	0.7393	0.7062	0.3603	0.3707	0.984	0	0.275	0.521	0.2092	47.6906	0.88
  V	6.7248	0.459	0.545	0.5138	0.8842	0.289	0.5229	7.5719	0.1701	0.8362	6.998	0.1769	0.2553	0.4653	0.2802	0.1856	0.275	0	0.6728	0.2965	54.6093	0.8025
  W	0.9233	1.4036	1.0152	0.6685	1.1447	0.5892	1.5443	0.5017	0.5252	0.6948	5.007	0.5452	0.7689	1.4278	0.9648	0.558	0.521	0.6728	0	0.8363	97.7705	1.6166
  Y	0.3675	0.6253	1.0564	0.2717	1.0245	0.2375	5.0683	0.2258	0.2123	0.2587	2.078	0.3525	0.3085	0.5791	0.3573	0.6702	0.2092	0.2965	0.8363	0	69.1991	1.0247
  *	61.7106	84.6934	67.6534	62.7405	81.0459	53.5478	81.3427	58.1664	51.5945	50.893	122.4811	52.4866	59.6745	86.0807	73.2876	45.4447	47.6906	54.6093	97.7705	69.1991	0	88.5039
  -	1.1105	0.9186	0.9221	1.0345	1.124	0.951	1.0945	0.7118	0.8259	0.9563	2.6815	0.7187	0.8345	1.0627	0.9157	1.1894	0.88	0.8025	1.6166	1.0247	88.5039	0

Actual rates from j->i (Q_ij):
	A	C	D	E	F	G	H	I	K	L	M	N	P	Q	R	S	T	V	W	Y	*	-
  A	0	0.0195	0.0859	0.0617	0.0154	0.0197	0.0229	0.0071	0.0072	0.0074	0.0674	0.009	0.0308	0.0197	0.0117	0.0904	0.2626	0.2071	0.0284	0.0113	1.9003	0.0342
  C	0.0176	0	0.0193	0.0126	0.0217	0.0123	0.0294	0.0094	0.0099	0.0101	0.0955	0.0103	0.0161	0.0271	0.0166	0.0106	0.0099	0.0128	0.039	0.0174	2.3562	0.0256
  D	0.0881	0.0219	0	0.1334	0.0175	0.0876	0.0303	0.0074	0.0089	0.0083	0.0769	0.3244	0.0123	0.0222	0.0133	0.0105	0.0082	0.0172	0.0321	0.0334	2.1378	0.0291
  E	0.1315	0.0298	0.2769	0	0.0245	0.2324	0.0321	0.0109	0.2171	0.0113	0.1098	0.0139	0.0161	0.0486	0.0245	0.0106	0.0109	0.0337	0.0439	0.0178	4.1164	0.0679
  F	0.0188	0.0292	0.0208	0.014	0	0.0122	0.0316	0.0276	0.0109	0.0322	0.1067	0.0113	0.0158	0.0298	0.0184	0.0333	0.0107	0.0332	0.043	0.0385	3.0423	0.0422
  G	0.0416	0.0287	0.1804	0.2306	0.0212	0	0.029	0.0092	0.0107	0.0099	0.0943	0.0121	0.0143	0.0265	0.1343	0.0699	0.0097	0.0188	0.0384	0.0155	3.4858	0.0619
  H	0.0146	0.0208	0.0188	0.0096	0.0165	0.0087	0	0.007	0.0077	0.0134	0.0719	0.0392	0.0199	0.1197	0.0414	0.0077	0.0078	0.0103	0.0303	0.0995	1.597	0.0215
  I	0.0226	0.0333	0.0231	0.0162	0.072	0.0138	0.0349	0	0.0225	0.1398	1.1043	0.0259	0.0177	0.034	0.0556	0.0709	0.2377	0.7418	0.0491	0.0221	5.6983	0.0697
  K	0.0181	0.0276	0.0219	0.2562	0.0225	0.0127	0.0303	0.0178	0	0.0105	0.2318	0.1946	0.0166	0.1519	0.7009	0.0129	0.0857	0.0132	0.0407	0.0164	3.9952	0.064
  L	0.0176	0.0266	0.0193	0.0126	0.0627	0.0111	0.05	0.1044	0.0099	0	0.289	0.0103	0.067	0.0379	0.0182	0.0441	0.0098	0.0612	0.0508	0.0189	3.7219	0.0699
  M	0.0193	0.0303	0.0215	0.0148	0.0251	0.0128	0.0323	0.0994	0.0264	0.0348	0	0.0119	0.0164	0.034	0.0349	0.0108	0.0202	0.0617	0.0441	0.0183	1.0799	0.0236
  N	0.0215	0.0274	0.7579	0.0156	0.0223	0.0137	0.1475	0.0195	0.1855	0.0104	0.0996	0	0.0149	0.0306	0.0188	0.2174	0.0546	0.0131	0.0402	0.026	3.875	0.0531
  P	0.0449	0.0259	0.0174	0.011	0.0189	0.0099	0.0454	0.0081	0.0096	0.0411	0.0836	0.0091	0	0.043	0.0202	0.2341	0.0317	0.0115	0.0345	0.0139	2.6801	0.0375
  Q	0.0179	0.0272	0.0197	0.0207	0.0222	0.0114	0.1708	0.0097	0.055	0.0145	0.1079	0.0116	0.0268	0	0.0613	0.0118	0.0101	0.013	0.04	0.0162	2.4111	0.0298
  R	0.0193	0.0304	0.0215	0.019	0.025	0.1052	0.1076	0.029	0.4616	0.0127	0.2017	0.013	0.0229	0.1116	0	0.0506	0.0189	0.0143	0.0492	0.0182	3.7378	0.0467
  S	0.1962	0.0254	0.0223	0.0108	0.0594	0.0718	0.0263	0.0483	0.0111	0.0403	0.0821	0.1968	0.3483	0.0281	0.0663	0	0.0658	0.0124	0.0373	0.0448	3.0369	0.0795
  T	0.5883	0.0245	0.018	0.0115	0.0197	0.0103	0.0276	0.1674	0.0763	0.0093	0.1578	0.051	0.0487	0.0249	0.0256	0.0679	0	0.019	0.0359	0.0144	3.2899	0.0607
  V	0.3386	0.0231	0.0274	0.0259	0.0445	0.0146	0.0263	0.3813	0.0086	0.0421	0.3524	0.0089	0.0129	0.0234	0.0141	0.0093	0.0138	0	0.0339	0.0149	2.75	0.0404
  W	0.0178	0.027	0.0196	0.0129	0.022	0.0113	0.0297	0.0097	0.0101	0.0134	0.0964	0.0105	0.0148	0.0275	0.0186	0.0107	0.01	0.013	0	0.0161	1.8832	0.0311
  Y	0.0186	0.0316	0.0534	0.0137	0.0518	0.012	0.2562	0.0114	0.0107	0.0131	0.105	0.0178	0.0156	0.0293	0.0181	0.0339	0.0106	0.015	0.0423	0	3.4981	0.0518
  *	0.0156	0.0214	0.0171	0.0159	0.0205	0.0136	0.0206	0.0147	0.0131	0.0129	0.031	0.0133	0.0151	0.0218	0.0186	0.0115	0.0121	0.0138	0.0248	0.0175	0	0.0224
  -	0.0117	0.0097	0.0098	0.0109	0.0119	0.0101	0.0116	0.0075	0.0087	0.0101	0.0284	0.0076	0.0088	0.0112	0.0097	0.0126	0.0093	0.0085	0.0171	0.0108	0.936	0

