Substitution rate (mu): 1.0

Equilibrium frequencies (pi_i):
  A: 0.0309
  C: 0.0278
  D: 0.0316
  E: 0.0656
  F: 0.0375
  G: 0.0652
  H: 0.0196
  I: 0.098
  K: 0.0774
  L: 0.0731
  M: 0.0088
  N: 0.0738
  P: 0.0449
  Q: 0.028
  R: 0.0509
  S: 0.0668
  T: 0.0689
  V: 0.0504
  W: 0.0193
  Y: 0.0506
  *: 0.0003
  -: 0.0106

Symmetrized rates from j->i (W_ij):
	A	C	D	E	F	G	H	I	K	L	M	N	P	Q	R	S	T	V	W	Y	*	-
  A	0	0.6314	2.7865	2.0021	0.5005	0.6376	0.7417	0.231	0.2332	0.24	2.1875	0.2913	0.9999	0.6381	0.3792	2.9337	8.5528	6.7176	0.9227	0.3672	61.8433	1.1101
  C	0.6314	0	0.6936	0.4538	0.7784	0.4407	1.0574	0.3397	0.3571	0.3637	3.432	0.3707	0.5769	0.973	0.5963	0.3805	0.3552	0.459	1.4037	0.6253	84.878	0.9186
  D	2.7865	0.6936	0	4.2194	0.5546	2.7672	0.9572	0.2357	0.2828	0.2636	2.4333	10.2648	0.388	0.7024	0.4217	0.3336	0.2612	0.5448	1.015	1.0563	67.7996	0.922
  E	2.0021	0.4538	4.2194	0	0.3731	3.5378	0.4894	0.1654	3.309	0.172	1.673	0.2111	0.2451	0.7405	0.3731	0.1612	0.1665	0.5136	0.6684	0.2717	62.876	1.0344
  F	0.5005	0.7784	0.5546	0.3731	0	0.325	0.8426	0.7353	0.2913	0.8569	2.8434	0.3021	0.4217	0.7934	0.4913	0.8884	0.2864	0.8841	1.1447	1.0245	81.2225	1.124
  G	0.6376	0.4407	2.7672	3.5378	0.325	0	0.4452	0.1411	0.164	0.1519	1.4472	0.1858	0.2198	0.4073	2.0384	1.0726	0.1487	0.2886	0.5887	0.2373	53.6647	0.9506
  H	0.7417	1.0574	0.9572	0.4894	0.8426	0.4452	0	0.3565	0.392	0.6843	3.6631	1.9981	1.0118	6.0981	2.1119	0.3942	0.4002	0.5228	1.5444	5.0685	81.5188	1.0945
  I	0.231	0.3397	0.2357	0.1654	0.7353	0.1411	0.3565	0	0.2295	1.4275	11.2751	0.2641	0.1807	0.3475	0.5686	0.7233	2.4276	7.5718	0.5017	0.2259	58.2924	0.7118
  K	0.2332	0.3571	0.2828	3.309	0.2913	0.164	0.392	0.2295	0	0.1354	2.9951	2.5142	0.2141	1.9631	9.0642	0.1667	1.1077	0.1702	0.5253	0.2124	51.7061	0.826
  L	0.24	0.3637	0.2636	0.172	0.8569	0.1519	0.6843	1.4275	0.1354	0	3.9533	0.1405	0.9158	0.5177	0.2487	0.6037	0.1347	0.8361	0.6949	0.2587	51.0041	0.9563
  M	2.1875	3.432	2.4333	1.673	2.8434	1.4472	3.6631	11.2751	2.9951	3.9533	0	1.3493	1.8625	3.8523	3.9595	1.2292	2.2891	6.9988	5.0084	2.0785	122.7508	2.682
  N	0.2913	0.3707	10.2648	0.2111	0.3021	0.1858	1.9981	0.2641	2.5142	0.1405	1.3493	0	0.2023	0.415	0.2546	2.9452	0.7399	0.1769	0.5452	0.3525	52.6022	0.7187
  P	0.9999	0.5769	0.388	0.2451	0.4217	0.2198	1.0118	0.1807	0.2141	0.9158	1.8625	0.2023	0	0.9575	0.4498	5.2122	0.7068	0.2552	0.7689	0.3085	59.8038	0.8345
  Q	0.6381	0.973	0.7024	0.7405	0.7934	0.4073	6.0981	0.3475	1.9631	0.5177	3.8523	0.415	0.9575	0	2.1903	0.4209	0.3606	0.4653	1.4281	0.5792	86.2702	1.0628
  R	0.3792	0.5963	0.4217	0.3731	0.4913	2.0384	2.1119	0.5686	9.0642	0.2487	3.9595	0.2546	0.4498	2.1903	0	0.9933	0.3714	0.2805	0.9659	0.3577	73.446	0.9163
  S	2.9337	0.3805	0.3336	0.1612	0.8884	1.0726	0.3942	0.7233	0.1667	0.6037	1.2292	2.9452	5.2122	0.4209	0.9933	0	0.9848	0.1855	0.558	0.6702	45.5434	1.1894
  T	8.5528	0.3552	0.2612	0.1665	0.2864	0.1487	0.4002	2.4276	1.1077	0.1347	2.2891	0.7399	0.7068	0.3606	0.3714	0.9848	0	0.2752	0.5214	0.2094	47.7947	0.8804
  V	6.7176	0.459	0.5448	0.5136	0.8841	0.2886	0.5228	7.5718	0.1702	0.8361	6.9988	0.1769	0.2552	0.4653	0.2805	0.1855	0.2752	0	0.6728	0.2965	54.7279	0.8024
  W	0.9227	1.4037	1.015	0.6684	1.1447	0.5887	1.5444	0.5017	0.5253	0.6949	5.0084	0.5452	0.7689	1.4281	0.9659	0.558	0.5214	0.6728	0	0.8363	97.9839	1.6166
  Y	0.3672	0.6253	1.0563	0.2717	1.0245	0.2373	5.0685	0.2259	0.2124	0.2587	2.0785	0.3525	0.3085	0.5792	0.3577	0.6702	0.2094	0.2965	0.8363	0	69.3497	1.0248
  *	61.8433	84.878	67.7996	62.876	81.2225	53.6647	81.5188	58.2924	51.7061	51.0041	122.7508	52.6022	59.8038	86.2702	73.446	45.5434	47.7947	54.7279	97.9839	69.3497	0	88.697
  -	1.1101	0.9186	0.922	1.0344	1.124	0.9506	1.0945	0.7118	0.826	0.9563	2.682	0.7187	0.8345	1.0628	0.9163	1.1894	0.8804	0.8024	1.6166	1.0248	88.697	0

Actual rates from j->i (Q_ij):
	A	C	D	E	F	G	H	I	K	L	M	N	P	Q	R	S	T	V	W	Y	*	-
  A	0	0.0195	0.086	0.0618	0.0154	0.0197	0.0229	0.0071	0.0072	0.0074	0.0675	0.009	0.0309	0.0197	0.0117	0.0905	0.2639	0.2073	0.0285	0.0113	1.9083	0.0343
  C	0.0176	0	0.0193	0.0126	0.0217	0.0123	0.0294	0.0095	0.0099	0.0101	0.0955	0.0103	0.0161	0.0271	0.0166	0.0106	0.0099	0.0128	0.0391	0.0174	2.3614	0.0256
  D	0.0881	0.0219	0	0.1334	0.0175	0.0875	0.0303	0.0075	0.0089	0.0083	0.0769	0.3245	0.0123	0.0222	0.0133	0.0105	0.0083	0.0172	0.0321	0.0334	2.1433	0.0291
  E	0.1314	0.0298	0.277	0	0.0245	0.2322	0.0321	0.0109	0.2172	0.0113	0.1098	0.0139	0.0161	0.0486	0.0245	0.0106	0.0109	0.0337	0.0439	0.0178	4.1271	0.0679
  F	0.0188	0.0292	0.0208	0.014	0	0.0122	0.0316	0.0276	0.0109	0.0322	0.1067	0.0113	0.0158	0.0298	0.0184	0.0333	0.0108	0.0332	0.043	0.0385	3.049	0.0422
  G	0.0416	0.0288	0.1805	0.2308	0.0212	0	0.029	0.0092	0.0107	0.0099	0.0944	0.0121	0.0143	0.0266	0.133	0.07	0.0097	0.0188	0.0384	0.0155	3.5008	0.062
  H	0.0146	0.0208	0.0188	0.0096	0.0165	0.0087	0	0.007	0.0077	0.0134	0.0719	0.0392	0.0199	0.1197	0.0415	0.0077	0.0079	0.0103	0.0303	0.0995	1.6003	0.0215
  I	0.0226	0.0333	0.0231	0.0162	0.072	0.0138	0.0349	0	0.0225	0.1398	1.1045	0.0259	0.0177	0.034	0.0557	0.0709	0.2378	0.7417	0.0491	0.0221	5.7101	0.0697
  K	0.018	0.0276	0.0219	0.2561	0.0225	0.0127	0.0303	0.0178	0	0.0105	0.2318	0.1946	0.0166	0.1519	0.7014	0.0129	0.0857	0.0132	0.0407	0.0164	4.0014	0.0639
  L	0.0176	0.0266	0.0193	0.0126	0.0627	0.0111	0.05	0.1044	0.0099	0	0.2891	0.0103	0.067	0.0379	0.0182	0.0441	0.0099	0.0611	0.0508	0.0189	3.7301	0.0699
  M	0.0193	0.0303	0.0214	0.0147	0.0251	0.0128	0.0323	0.0994	0.0264	0.0348	0	0.0119	0.0164	0.034	0.0349	0.0108	0.0202	0.0617	0.0441	0.0183	1.0821	0.0236
  N	0.0215	0.0274	0.7578	0.0156	0.0223	0.0137	0.1475	0.0195	0.1856	0.0104	0.0996	0	0.0149	0.0306	0.0188	0.2174	0.0546	0.0131	0.0403	0.026	3.8833	0.0531
  P	0.0449	0.0259	0.0174	0.011	0.0189	0.0099	0.0454	0.0081	0.0096	0.0411	0.0837	0.0091	0	0.043	0.0202	0.2341	0.0317	0.0115	0.0345	0.0139	2.6861	0.0375
  Q	0.0179	0.0272	0.0197	0.0207	0.0222	0.0114	0.1708	0.0097	0.055	0.0145	0.1079	0.0116	0.0268	0	0.0613	0.0118	0.0101	0.013	0.04	0.0162	2.4158	0.0298
  R	0.0193	0.0303	0.0215	0.019	0.025	0.1038	0.1075	0.0289	0.4614	0.0127	0.2015	0.013	0.0229	0.1115	0	0.0506	0.0189	0.0143	0.0492	0.0182	3.7384	0.0466
  S	0.1961	0.0254	0.0223	0.0108	0.0594	0.0717	0.0263	0.0483	0.0111	0.0403	0.0822	0.1969	0.3484	0.0281	0.0664	0	0.0658	0.0124	0.0373	0.0448	3.044	0.0795
  T	0.5891	0.0245	0.018	0.0115	0.0197	0.0102	0.0276	0.1672	0.0763	0.0093	0.1577	0.051	0.0487	0.0248	0.0256	0.0678	0	0.019	0.0359	0.0144	3.2919	0.0606
  V	0.3384	0.0231	0.0274	0.0259	0.0445	0.0145	0.0263	0.3814	0.0086	0.0421	0.3526	0.0089	0.0129	0.0234	0.0141	0.0093	0.0139	0	0.0339	0.0149	2.7569	0.0404
  W	0.0178	0.027	0.0196	0.0129	0.022	0.0113	0.0297	0.0097	0.0101	0.0134	0.0965	0.0105	0.0148	0.0275	0.0186	0.0107	0.01	0.013	0	0.0161	1.8873	0.0311
  Y	0.0186	0.0316	0.0534	0.0137	0.0518	0.012	0.2562	0.0114	0.0107	0.0131	0.1051	0.0178	0.0156	0.0293	0.0181	0.0339	0.0106	0.015	0.0423	0	3.5058	0.0518
  *	0.0156	0.0214	0.0171	0.0159	0.0205	0.0136	0.0206	0.0147	0.0131	0.0129	0.031	0.0133	0.0151	0.0218	0.0186	0.0115	0.0121	0.0138	0.0248	0.0175	0	0.0224
  -	0.0117	0.0097	0.0098	0.0109	0.0119	0.0101	0.0116	0.0075	0.0087	0.0101	0.0284	0.0076	0.0088	0.0112	0.0097	0.0126	0.0093	0.0085	0.0171	0.0108	0.938	0

