Substitution rate (mu): 1.0

Equilibrium frequencies (pi_i):
  A: 0.0309
  C: 0.0278
  D: 0.0316
  E: 0.0655
  F: 0.0375
  G: 0.0652
  H: 0.0196
  I: 0.098
  K: 0.0774
  L: 0.0731
  M: 0.0088
  N: 0.0738
  P: 0.0449
  Q: 0.028
  R: 0.0509
  S: 0.0668
  T: 0.0689
  V: 0.0504
  W: 0.0193
  Y: 0.0506
  *: 0.0003
  -: 0.0106

Symmetrized rates from j->i (W_ij):
	A	C	D	E	F	G	H	I	K	L	M	N	P	Q	R	S	T	V	W	Y	*	-
  A	0	0.6312	2.7853	1.9745	0.5003	0.6374	0.7413	0.2309	0.2332	0.2399	2.1864	0.2912	0.9993	0.6378	0.3791	2.932	8.5466	6.7131	0.9223	0.3671	61.7287	1.11
  C	0.6312	0	0.6936	0.4542	0.7784	0.4408	1.0574	0.3397	0.3572	0.3636	3.4315	0.3707	0.5769	0.973	0.5963	0.3805	0.3552	0.4589	1.4037	0.6254	84.7188	0.9187
  D	2.7853	0.6936	0	4.2239	0.5546	2.768	0.9573	0.2357	0.2828	0.2636	2.4331	10.2659	0.388	0.7025	0.4218	0.3337	0.2611	0.5448	1.0151	1.0564	67.6733	0.9221
  E	1.9745	0.4542	4.2239	0	0.3734	3.5415	0.4899	0.1655	3.3122	0.1722	1.674	0.2113	0.2453	0.7412	0.3734	0.1614	0.1666	0.514	0.6689	0.2719	62.7587	1.0349
  F	0.5003	0.7784	0.5546	0.3734	0	0.3251	0.8427	0.7352	0.2913	0.8568	2.843	0.3021	0.4217	0.7934	0.4914	0.8883	0.2864	0.8841	1.1447	1.0245	81.0702	1.1241
  G	0.6374	0.4408	2.768	3.5415	0.3251	0	0.4453	0.1412	0.164	0.152	1.4472	0.1858	0.2199	0.4074	2.0389	1.0727	0.1487	0.2886	0.5888	0.2373	53.5639	0.9507
  H	0.7413	1.0574	0.9573	0.4899	0.8427	0.4453	0	0.3565	0.3921	0.6843	3.6626	1.9982	1.0118	6.0981	2.1121	0.3942	0.4001	0.5228	1.5445	5.0686	81.3662	1.0946
  I	0.2309	0.3397	0.2357	0.1655	0.7352	0.1412	0.3565	0	0.2295	1.4274	11.2732	0.2641	0.1806	0.3475	0.5686	0.7232	2.4271	7.5706	0.5017	0.2259	58.1837	0.7118
  K	0.2332	0.3572	0.2828	3.3122	0.2913	0.164	0.3921	0.2295	0	0.1354	2.9951	2.5146	0.2141	1.9634	9.066	0.1667	1.1077	0.1702	0.5254	0.2124	51.6094	0.8261
  L	0.2399	0.3636	0.2636	0.1722	0.8568	0.152	0.6843	1.4274	0.1354	0	3.9527	0.1405	0.9158	0.5177	0.2487	0.6036	0.1347	0.836	0.6948	0.2587	50.908	0.9563
  M	2.1864	3.4315	2.4331	1.674	2.843	1.4472	3.6626	11.2732	2.9951	3.9527	0	1.3492	1.8622	3.8516	3.9593	1.229	2.2885	6.9972	5.0075	2.0783	122.5191	2.6818
  N	0.2912	0.3707	10.2659	0.2113	0.3021	0.1858	1.9982	0.2641	2.5146	0.1405	1.3492	0	0.2023	0.415	0.2546	2.9451	0.7398	0.1769	0.5452	0.3525	52.5029	0.7187
  P	0.9993	0.5769	0.388	0.2453	0.4217	0.2199	1.0118	0.1806	0.2141	0.9158	1.8622	0.2023	0	0.9575	0.4499	5.2118	0.7066	0.2552	0.7689	0.3085	59.6922	0.8346
  Q	0.6378	0.973	0.7025	0.7412	0.7934	0.4074	6.0981	0.3475	1.9634	0.5177	3.8516	0.415	0.9575	0	2.1904	0.4209	0.3605	0.4653	1.4281	0.5792	86.1066	1.0628
  R	0.3791	0.5963	0.4218	0.3734	0.4914	2.0389	2.1121	0.5686	9.066	0.2487	3.9593	0.2546	0.4499	2.1904	0	0.9933	0.3714	0.2805	0.966	0.3577	73.3086	0.9163
  S	2.932	0.3805	0.3337	0.1614	0.8883	1.0727	0.3942	0.7232	0.1667	0.6036	1.229	2.9451	5.2118	0.4209	0.9933	0	0.9846	0.1855	0.558	0.6702	45.458	1.1894
  T	8.5466	0.3552	0.2611	0.1666	0.2864	0.1487	0.4001	2.4271	1.1077	0.1347	2.2885	0.7398	0.7066	0.3605	0.3714	0.9846	0	0.2751	0.5213	0.2093	47.7045	0.8803
  V	6.7131	0.4589	0.5448	0.514	0.8841	0.2886	0.5228	7.5706	0.1702	0.836	6.9972	0.1769	0.2552	0.4653	0.2805	0.1855	0.2751	0	0.6727	0.2965	54.6254	0.8024
  W	0.9223	1.4037	1.0151	0.6689	1.1447	0.5888	1.5445	0.5017	0.5254	0.6948	5.0075	0.5452	0.7689	1.4281	0.966	0.558	0.5213	0.6727	0	0.8363	97.8	1.6167
  Y	0.3671	0.6254	1.0564	0.2719	1.0245	0.2373	5.0686	0.2259	0.2124	0.2587	2.0783	0.3525	0.3085	0.5792	0.3577	0.6702	0.2093	0.2965	0.8363	0	69.2199	1.0248
  *	61.7287	84.7188	67.6733	62.7587	81.0702	53.5639	81.3662	58.1837	51.6094	50.908	122.5191	52.5029	59.6922	86.1066	73.3086	45.458	47.7045	54.6254	97.8	69.2199	0	88.5304
  -	1.11	0.9187	0.9221	1.0349	1.1241	0.9507	1.0946	0.7118	0.8261	0.9563	2.6818	0.7187	0.8346	1.0628	0.9163	1.1894	0.8803	0.8024	1.6167	1.0248	88.5304	0

Actual rates from j->i (Q_ij):
	A	C	D	E	F	G	H	I	K	L	M	N	P	Q	R	S	T	V	W	Y	*	-
  A	0	0.0195	0.0861	0.061	0.0155	0.0197	0.0229	0.0071	0.0072	0.0074	0.0676	0.009	0.0309	0.0197	0.0117	0.0906	0.2641	0.2074	0.0285	0.0113	1.9072	0.0343
  C	0.0176	0	0.0193	0.0126	0.0217	0.0123	0.0294	0.0095	0.0099	0.0101	0.0955	0.0103	0.0161	0.0271	0.0166	0.0106	0.0099	0.0128	0.0391	0.0174	2.3571	0.0256
  D	0.088	0.0219	0	0.1335	0.0175	0.0875	0.0303	0.0075	0.0089	0.0083	0.0769	0.3245	0.0123	0.0222	0.0133	0.0105	0.0083	0.0172	0.0321	0.0334	2.139	0.0291
  E	0.1294	0.0298	0.2768	0	0.0245	0.2321	0.0321	0.0108	0.2171	0.0113	0.1097	0.0139	0.0161	0.0486	0.0245	0.0106	0.0109	0.0337	0.0438	0.0178	4.1133	0.0678
  F	0.0188	0.0292	0.0208	0.014	0	0.0122	0.0316	0.0276	0.0109	0.0322	0.1067	0.0113	0.0158	0.0298	0.0184	0.0333	0.0108	0.0332	0.043	0.0385	3.0435	0.0422
  G	0.0416	0.0287	0.1805	0.231	0.0212	0	0.029	0.0092	0.0107	0.0099	0.0944	0.0121	0.0143	0.0266	0.133	0.07	0.0097	0.0188	0.0384	0.0155	3.4932	0.062
  H	0.0146	0.0208	0.0188	0.0096	0.0165	0.0087	0	0.007	0.0077	0.0134	0.0719	0.0392	0.0199	0.1197	0.0415	0.0077	0.0079	0.0103	0.0303	0.0995	1.5974	0.0215
  I	0.0226	0.0333	0.0231	0.0162	0.072	0.0138	0.0349	0	0.0225	0.1398	1.1045	0.0259	0.0177	0.034	0.0557	0.0709	0.2378	0.7417	0.0492	0.0221	5.7005	0.0697
  K	0.018	0.0276	0.0219	0.2563	0.0225	0.0127	0.0303	0.0178	0	0.0105	0.2317	0.1946	0.0166	0.1519	0.7014	0.0129	0.0857	0.0132	0.0407	0.0164	3.9931	0.0639
  L	0.0175	0.0266	0.0193	0.0126	0.0627	0.0111	0.05	0.1044	0.0099	0	0.2891	0.0103	0.067	0.0379	0.0182	0.0441	0.0099	0.0611	0.0508	0.0189	3.7234	0.0699
  M	0.0193	0.0303	0.0215	0.0148	0.0251	0.0128	0.0323	0.0994	0.0264	0.0349	0	0.0119	0.0164	0.034	0.0349	0.0108	0.0202	0.0617	0.0442	0.0183	1.0802	0.0236
  N	0.0215	0.0274	0.7579	0.0156	0.0223	0.0137	0.1475	0.0195	0.1856	0.0104	0.0996	0	0.0149	0.0306	0.0188	0.2174	0.0546	0.0131	0.0403	0.026	3.8761	0.0531
  P	0.0449	0.0259	0.0174	0.011	0.0189	0.0099	0.0455	0.0081	0.0096	0.0411	0.0837	0.0091	0	0.043	0.0202	0.2341	0.0317	0.0115	0.0345	0.0139	2.6814	0.0375
  Q	0.0179	0.0272	0.0197	0.0208	0.0222	0.0114	0.1708	0.0097	0.055	0.0145	0.1079	0.0116	0.0268	0	0.0613	0.0118	0.0101	0.013	0.04	0.0162	2.4114	0.0298
  R	0.0193	0.0303	0.0215	0.019	0.025	0.1038	0.1075	0.0289	0.4614	0.0127	0.2015	0.013	0.0229	0.1115	0	0.0506	0.0189	0.0143	0.0492	0.0182	3.731	0.0466
  S	0.196	0.0254	0.0223	0.0108	0.0594	0.0717	0.0263	0.0483	0.0111	0.0404	0.0822	0.1969	0.3484	0.0281	0.0664	0	0.0658	0.0124	0.0373	0.0448	3.0388	0.0795
  T	0.5889	0.0245	0.018	0.0115	0.0197	0.0102	0.0276	0.1672	0.0763	0.0093	0.1577	0.051	0.0487	0.0248	0.0256	0.0678	0	0.019	0.0359	0.0144	3.2872	0.0607
  V	0.3383	0.0231	0.0275	0.0259	0.0445	0.0145	0.0263	0.3815	0.0086	0.0421	0.3526	0.0089	0.0129	0.0234	0.0141	0.0093	0.0139	0	0.0339	0.0149	2.7527	0.0404
  W	0.0178	0.027	0.0196	0.0129	0.022	0.0113	0.0298	0.0097	0.0101	0.0134	0.0965	0.0105	0.0148	0.0275	0.0186	0.0107	0.01	0.013	0	0.0161	1.8839	0.0311
  Y	0.0186	0.0316	0.0534	0.0137	0.0518	0.012	0.2562	0.0114	0.0107	0.0131	0.1051	0.0178	0.0156	0.0293	0.0181	0.0339	0.0106	0.015	0.0423	0	3.4994	0.0518
  *	0.0156	0.0214	0.0171	0.0159	0.0205	0.0136	0.0206	0.0147	0.0131	0.0129	0.031	0.0133	0.0151	0.0218	0.0186	0.0115	0.0121	0.0138	0.0248	0.0175	0	0.0224
  -	0.0117	0.0097	0.0098	0.0109	0.0119	0.0101	0.0116	0.0075	0.0087	0.0101	0.0284	0.0076	0.0088	0.0112	0.0097	0.0126	0.0093	0.0085	0.0171	0.0108	0.9363	0

